UNITS=MM
#Layer_Color=8388736
#
#Feature symbol names
#
$0 r49.9999
$1 r127
$2 r199.9996
$3 rect4826x2413

#
#Feature attribute names
#
@0 .nomenclature
@1 .string
@2 .string_angle

#
#Feature attribute text strings
#
&0 Assembly Bottom

#
#Layer features
#
A 2.28007672 104.2399998 2.28007672 104.2399998 2.1199983 104.2399998 0 P 0 N
A 6.9999987 19.50000164 6.9999987 19.50000164 3.99999962 19.50000164 1 P 0 N
A 6.9999987 78.50000048 6.9999987 78.50000048 3.99999962 78.50000048 1 P 0 N
A 23.0950008 3.32500224 23.7300008 2.69000224 23.7300008 3.32500224 0 P 0 N
A 23.2220008 8.15100224 23.0950008 7.77000224 23.7300008 7.77000224 0 P 0 N
A 25.5080008 10.05600224 24.4920008 10.05600224 25.0000008 9.67500224 0 P 0 N
A 26.2700008 2.69000224 26.9050008 3.32500224 26.2700008 3.32500224 0 P 0 N
A 26.9050008 7.77000224 26.7780008 8.15100224 26.2700008 7.77000224 0 P 0 N
A 32.43507864 4.52499984 32.43507864 4.52499984 32.27500022 4.52499984 0 P 0 N
A 45.44509834 1.25027436 47.55490362 1.25000004 46.50000098 1.25000004 0 P 0 N
A 54.60383796 59.08419984 54.60383796 59.08419984 54.44119922 59.08419984 0 P 0 N
A 66.99999808 19.50000164 66.99999808 19.50000164 63.999999 19.50000164 1 P 0 N
A 66.99999808 78.50000048 66.99999808 78.50000048 63.999999 78.50000048 1 P 0 N
L 0.97498662 52.9249894 0.97498662 53.3749758 0 P 0
L 0.97498662 52.9249894 1.42497302 52.9249894 0 P 0
L 0.97498662 53.3749758 1.42497302 53.3749758 0 P 0
L 0.97498662 54.0250126 0.97498662 54.474999 0 P 0
L 0.97498662 54.0250126 1.42497302 54.0250126 0 P 0
L 0.97498662 54.474999 1.42497302 54.474999 0 P 0
L 0.97498662 60.62500194 0.97498662 61.07498834 0 P 0
L 0.97498662 60.62500194 1.42497048 60.62500194 0 P 0
L 0.97498662 61.07498834 1.42497048 61.07498834 0 P 0
L 0.97498662 61.7249718 0.97498662 62.175009 0 P 0
L 0.97498662 61.7249718 1.42497302 61.7249718 0 P 0
L 0.97498662 62.175009 1.42497302 62.175009 0 P 0
L 1.42497048 60.62500194 1.42497048 61.07498834 0 P 0
L 1.42497302 52.9249894 1.42497302 53.3749758 0 P 0
L 1.42497302 54.0250126 1.42497302 54.474999 0 P 0
L 1.42497302 61.7249718 1.42497302 62.175009 0 P 0
L 1.5250033 98.70000072 1.5250033 104.69999888 0 P 0
L 1.5250033 98.70000072 6.52500092 98.70000072 0 P 0
L 1.5250033 104.69999888 6.52500092 104.69999888 0 P 0
L 2.47500902 52.9249894 2.47500902 53.3749758 0 P 0
L 2.47500902 52.9249894 2.92499542 52.9249894 0 P 0
L 2.47500902 53.3749758 2.92499542 53.3749758 0 P 0
L 2.47500902 61.7249718 2.47500902 62.175009 0 P 0
L 2.47500902 61.7249718 2.92499542 61.7249718 0 P 0
L 2.47500902 62.175009 2.92499542 62.175009 0 P 0
L 2.92499542 52.9249894 2.92499542 53.3749758 0 P 0
L 2.92499542 61.7249718 2.92499542 62.175009 0 P 0
L 3.97498062 52.9249894 3.97498062 53.3749758 0 P 0
L 3.97498062 52.9249894 4.42501782 52.9249894 0 P 0
L 3.97498062 53.3749758 4.42501782 53.3749758 0 P 0
L 3.97498062 54.0250126 3.97498062 54.474999 0 P 0
L 3.97498062 54.0250126 4.42501782 54.0250126 0 P 0
L 3.97498062 54.474999 4.42501782 54.474999 0 P 0
L 3.97498062 55.124985 3.97498316 55.5750222 0 P 0
L 3.97498062 55.124985 4.42501782 55.124985 0 P 0
L 3.97498062 57.3249806 3.97498062 57.7750178 0 P 0
L 3.97498062 57.3249806 4.42501782 57.3249806 0 P 0
L 3.97498062 57.7750178 4.42501782 57.7750178 0 P 0
L 3.97498062 59.5249762 3.97498316 59.9750134 0 P 0
L 3.97498062 59.5249762 4.42501782 59.5249762 0 P 0
L 3.97498062 60.6249994 3.97498062 61.0749858 0 P 0
L 3.97498062 60.6249994 4.42501782 60.62500194 0 P 0
L 3.97498062 61.0749858 4.42501782 61.07498834 0 P 0
L 3.97498062 61.7249718 3.97498062 62.175009 0 P 0
L 3.97498062 61.7249718 4.42501782 61.7249718 0 P 0
L 3.97498062 62.175009 4.42501782 62.175009 0 P 0
L 3.97498316 55.5750222 4.42501782 55.5750222 0 P 0
L 3.97498316 59.9750134 4.42501782 59.9750134 0 P 0
L 4.42501782 52.9249894 4.42501782 53.3749758 0 P 0
L 4.42501782 54.0250126 4.42501782 54.474999 0 P 0
L 4.42501782 55.124985 4.42501782 55.5750222 0 P 0
L 4.42501782 57.3249806 4.42501782 57.7750178 0 P 0
L 4.42501782 59.5249762 4.42501782 59.9750134 0 P 0
L 4.42501782 60.62500194 4.42501782 61.07498834 0 P 0
L 4.42501782 61.7249718 4.42501782 62.175009 0 P 0
L 5.07497588 52.92403436 5.07497588 53.37402076 0 P 0
L 5.07497588 52.92403436 5.52501308 52.92403436 0 P 0
L 5.07497588 53.37402076 5.52501308 53.37402076 0 P 0
L 5.07499366 56.77497916 5.07499366 57.22501636 0 P 0
L 5.07499366 56.77497916 5.52498006 56.77497916 0 P 0
L 5.07499366 57.22501636 5.52498006 57.22501636 0 P 0
L 5.07499366 58.3250167 5.0749962 57.87497696 0 P 0
L 5.07499366 58.3250167 5.52498006 58.3250167 0 P 0
L 5.0749962 57.87497696 5.5249826 57.87497696 0 P 0
L 5.07500128 55.5750222 5.07500382 55.124985 0 P 0
L 5.07500128 55.5750222 5.52498768 55.5750222 0 P 0
L 5.07500128 59.9750134 5.07500382 59.5249762 0 P 0
L 5.07500128 59.9750134 5.52499022 59.97501086 0 P 0
L 5.07500382 54.0250126 5.07500382 54.474999 0 P 0
L 5.07500382 54.0250126 5.52499022 54.0250126 0 P 0
L 5.07500382 54.474999 5.52499022 54.474999 0 P 0
L 5.07500382 55.124985 5.52499022 55.124985 0 P 0
L 5.07500382 59.5249762 5.52499022 59.5249762 0 P 0
L 5.07500382 60.6249994 5.07500382 61.0749858 0 P 0
L 5.07500382 60.6249994 5.52499022 60.6249994 0 P 0
L 5.07500382 61.0749858 5.52499022 61.0749858 0 P 0
L 5.07500382 61.7249718 5.07500382 62.175009 0 P 0
L 5.07500382 61.7249718 5.52499022 61.7249718 0 P 0
L 5.07500382 62.175009 5.52499022 62.175009 0 P 0
L 5.52498006 56.77497916 5.52498006 57.22501636 0 P 0
L 5.52498006 58.3250167 5.5249826 57.87497696 0 P 0
L 5.52498768 55.5750222 5.52499022 55.124985 0 P 0
L 5.52499022 54.0250126 5.52499022 54.474999 0 P 0
L 5.52499022 59.5249762 5.52499022 59.97501086 0 P 0
L 5.52499022 60.6249994 5.52499022 61.0749858 0 P 0
L 5.52499022 61.7249718 5.52499022 62.175009 0 P 0
L 5.52501308 52.92403436 5.52501308 53.37402076 0 P 0
L 6.17497622 52.9249894 6.17497622 53.37497326 0 P 0
L 6.17497622 52.9249894 6.62501342 52.9249894 0 P 0
L 6.17497622 53.37497326 6.62501342 53.3749758 0 P 0
L 6.17497622 55.124985 6.17497622 55.5750222 0 P 0
L 6.17497622 55.124985 6.62501342 55.124985 0 P 0
L 6.17497622 55.5750222 6.62501342 55.5750222 0 P 0
L 6.17497622 59.5249762 6.17497622 59.9750134 0 P 0
L 6.17497622 59.5249762 6.62501342 59.5249762 0 P 0
L 6.17497622 59.9750134 6.62501342 59.9750134 0 P 0
L 6.17497622 61.07498834 6.17497876 60.62500194 0 P 0
L 6.17497622 61.07498834 6.62501342 61.0749858 0 P 0
L 6.17497622 61.7249718 6.17497622 62.17500646 0 P 0
L 6.17497622 61.7249718 6.62501342 61.7249718 0 P 0
L 6.17497622 62.17500646 6.62501342 62.175009 0 P 0
L 6.17497876 60.62500194 6.62501342 60.6249994 0 P 0
L 6.17502702 54.0249999 6.17502702 54.4749863 0 P 0
L 6.17502702 54.0249999 6.62501342 54.0249999 0 P 0
L 6.17502702 54.4749863 6.62501342 54.4749863 0 P 0
L 6.52500092 98.70000072 6.52500092 104.69999888 0 P 0
L 6.62501342 52.9249894 6.62501342 53.3749758 0 P 0
L 6.62501342 54.0249999 6.62501342 54.4749863 0 P 0
L 6.62501342 55.124985 6.62501342 55.5750222 0 P 0
L 6.62501342 59.5249762 6.62501342 59.9750134 0 P 0
L 6.62501342 60.6249994 6.62501342 61.0749858 0 P 0
L 6.62501342 61.7249718 6.62501342 62.175009 0 P 0
L 7.27499434 56.77497916 7.27499434 57.22501636 0 P 0
L 7.27499434 56.77497916 7.72498074 56.77497916 0 P 0
L 7.27499434 57.22501636 7.72498074 57.22501636 0 P 0
L 7.27499434 59.5250016 7.27499434 59.974988 0 P 0
L 7.27499434 59.5250016 7.72498074 59.5250016 0 P 0
L 7.27499434 59.974988 7.72498074 59.974988 0 P 0
L 7.27499688 53.3749758 7.27499942 52.9249894 0 P 0
L 7.27499688 53.3749758 7.72498582 53.37497326 0 P 0
L 7.27499688 60.6249486 7.27499688 61.07498834 0 P 0
L 7.27499688 60.6249486 7.72498328 60.6249486 0 P 0
L 7.27499688 61.07498834 7.72498328 61.0749858 0 P 0
L 7.27499688 62.175009 7.27499942 61.7249718 0 P 0
L 7.27499688 62.175009 7.72498582 62.17500646 0 P 0
L 7.27499942 52.9249894 7.72498582 52.9249894 0 P 0
L 7.27499942 54.0250126 7.27499942 54.474999 0 P 0
L 7.27499942 54.0250126 7.72498582 54.0250126 0 P 0
L 7.27499942 54.474999 7.72498582 54.474999 0 P 0
L 7.27499942 55.124985 7.27499942 55.5750222 0 P 0
L 7.27499942 55.124985 7.72498582 55.124985 0 P 0
L 7.27499942 55.5750222 7.72498582 55.5750222 0 P 0
L 7.27499942 57.87498204 7.27499942 58.3250167 0 P 0
L 7.27499942 57.87498204 7.72498582 57.87498204 0 P 0
L 7.27499942 58.3250167 7.72498582 58.3250167 0 P 0
L 7.27499942 61.7249718 7.72498582 61.7249718 0 P 0
L 7.72498074 56.77497916 7.72498074 57.22501636 0 P 0
L 7.72498074 59.5250016 7.72498074 59.974988 0 P 0
L 7.72498328 60.6249486 7.72498328 61.0749858 0 P 0
L 7.72498582 52.9249894 7.72498582 53.37497326 0 P 0
L 7.72498582 54.0250126 7.72498582 54.474999 0 P 0
L 7.72498582 55.124985 7.72498582 55.5750222 0 P 0
L 7.72498582 57.87498204 7.72498582 58.3250167 0 P 0
L 7.72498582 61.7249718 7.72498582 62.17500646 0 P 0
L 8.37497182 52.9249894 8.37497182 53.3749758 0 P 0
L 8.37497182 52.9249894 8.82500902 52.9249894 0 P 0
L 8.37497182 53.3749758 8.82500902 53.3749758 0 P 0
L 8.37497182 54.0250126 8.37497182 54.474999 0 P 0
L 8.37497182 54.0250126 8.82500902 54.0250126 0 P 0
L 8.37497182 54.474999 8.82500902 54.474999 0 P 0
L 8.37497182 55.124985 8.37497436 55.5750222 0 P 0
L 8.37497182 55.124985 8.82500902 55.124985 0 P 0
L 8.37497182 59.5249762 8.37497182 59.97501086 0 P 0
L 8.37497182 59.5249762 8.82500902 59.52497366 0 P 0
L 8.37497182 59.97501086 8.82500902 59.9750134 0 P 0
L 8.37497182 60.6249994 8.37497182 61.0749858 0 P 0
L 8.37497182 60.6249994 8.82500902 60.6249994 0 P 0
L 8.37497182 61.0749858 8.82500902 61.0749858 0 P 0
L 8.37497182 61.7249718 8.37497182 62.175009 0 P 0
L 8.37497182 61.7249718 8.82500902 61.7249718 0 P 0
L 8.37497182 62.175009 8.82500902 62.175009 0 P 0
L 8.37497436 55.5750222 8.82500902 55.5750222 0 P 0
L 8.37499468 56.77497916 8.37499468 57.22501382 0 P 0
L 8.37499468 56.77497916 8.82498108 56.77497916 0 P 0
L 8.37499468 57.22501382 8.82498108 57.22501382 0 P 0
L 8.37499468 57.87497696 8.37499468 58.32501416 0 P 0
L 8.37499468 57.87497696 8.82498108 57.87497696 0 P 0
L 8.37499468 58.32501416 8.82498108 58.32501416 0 P 0
L 8.82498108 56.77497916 8.82498108 57.22501382 0 P 0
L 8.82498108 57.87497696 8.82498108 58.32501416 0 P 0
L 8.82500902 52.9249894 8.82500902 53.3749758 0 P 0
L 8.82500902 54.0250126 8.82500902 54.474999 0 P 0
L 8.82500902 55.124985 8.82500902 55.5750222 0 P 0
L 8.82500902 59.52497366 8.82500902 59.9750134 0 P 0
L 8.82500902 60.6249994 8.82500902 61.0749858 0 P 0
L 8.82500902 61.7249718 8.82500902 62.175009 0 P 0
L 9.47499248 58.3250167 9.47499502 57.87497696 0 P 0
L 9.47499248 58.3250167 9.92497888 58.3250167 0 P 0
L 9.47499502 55.124985 9.47499502 55.5750222 0 P 0
L 9.47499502 55.124985 9.92498142 55.124985 0 P 0
L 9.47499502 55.5750222 9.92497888 55.5750222 0 P 0
L 9.47499502 56.77497916 9.47499502 57.22501636 0 P 0
L 9.47499502 56.77497916 9.92498142 56.77497916 0 P 0
L 9.47499502 57.22501636 9.92498142 57.22501636 0 P 0
L 9.47499502 57.87497696 9.92497888 57.87497696 0 P 0
L 9.47499502 59.5249762 9.47499502 59.9750134 0 P 0
L 9.47499502 59.5249762 9.92498142 59.5249762 0 P 0
L 9.47499502 59.9750134 9.92497888 59.9750134 0 P 0
L 9.47499502 60.6249994 9.47499502 61.0749858 0 P 0
L 9.47499502 60.6249994 9.92498142 60.6249994 0 P 0
L 9.47499502 61.0749858 9.92498142 61.0749858 0 P 0
L 9.47499502 61.7249718 9.47499502 62.175009 0 P 0
L 9.47499502 61.7249718 9.92498142 61.7249718 0 P 0
L 9.47499502 62.175009 9.92498142 62.175009 0 P 0
L 9.47499756 52.92500972 9.47499756 53.37499612 0 P 0
L 9.47499756 52.92500972 9.92498396 52.92500972 0 P 0
L 9.47499756 53.37499612 9.92498396 53.37499612 0 P 0
L 9.47501026 54.02501006 9.47501026 54.47499646 0 P 0
L 9.47501026 54.02501006 9.92499666 54.02501006 0 P 0
L 9.47501026 54.47499646 9.92499666 54.47499646 0 P 0
L 9.92497888 55.5750222 9.92498142 55.124985 0 P 0
L 9.92497888 57.87497696 9.92497888 58.3250167 0 P 0
L 9.92497888 59.9750134 9.92498142 59.5249762 0 P 0
L 9.92498142 56.77497916 9.92498142 57.22501636 0 P 0
L 9.92498142 60.6249994 9.92498142 61.0749858 0 P 0
L 9.92498142 61.7249718 9.92498142 62.175009 0 P 0
L 9.92498396 52.92500972 9.92498396 53.37499612 0 P 0
L 9.92499666 54.02501006 9.92499666 54.47499646 0 P 0
L 10.00000032 12.75000498 10.00000032 20.25000014 1 P 0
L 10.00000032 12.75000498 20.00000064 12.75000498 1 P 0
L 10.00000032 20.25000014 20.00000064 20.25000014 1 P 0
L 10.5750106 54.0249872 10.5750106 54.4749736 0 P 0
L 10.5750106 54.0249872 11.024997 54.0249872 0 P 0
L 10.5750106 54.4749736 11.024997 54.4749736 0 P 0
L 10.57501822 52.9249894 10.57502076 53.3749758 0 P 0
L 10.57501822 52.9249894 11.02500462 52.9249894 0 P 0
L 10.57501822 55.124985 10.57501822 55.5750222 0 P 0
L 10.57501822 55.124985 11.02500462 55.124985 0 P 0
L 10.57501822 55.5750222 11.02500462 55.5750222 0 P 0
L 10.57501822 59.5249762 10.57501822 59.9750134 0 P 0
L 10.57501822 59.5249762 11.02500462 59.5249762 0 P 0
L 10.57501822 59.9750134 11.02500462 59.9750134 0 P 0
L 10.57501822 61.07498834 10.57502076 60.6249994 0 P 0
L 10.57501822 61.07498834 11.02500462 61.0749858 0 P 0
L 10.57502076 53.3749758 11.02500462 53.3749758 0 P 0
L 10.57502076 60.6249994 11.02500462 60.6249994 0 P 0
L 10.57502076 61.7249718 10.57502076 62.175009 0 P 0
L 10.57502076 61.7249718 11.02500462 61.7249718 0 P 0
L 10.57502076 62.175009 11.02500462 62.175009 0 P 0
L 11.024997 54.0249872 11.024997 54.4749736 0 P 0
L 11.02500462 52.9249894 11.02500462 53.3749758 0 P 0
L 11.02500462 55.124985 11.02500462 55.5750222 0 P 0
L 11.02500462 59.5249762 11.02500462 59.9750134 0 P 0
L 11.02500462 60.6249994 11.02500462 61.0749858 0 P 0
L 11.02500462 61.7249718 11.02500462 62.175009 0 P 0
L 11.67498808 56.22501074 11.67498808 56.6749946 0 P 0
L 11.67498808 56.22501074 12.12497448 56.22501074 0 P 0
L 11.67498808 56.6749946 12.12497448 56.6749946 0 P 0
L 11.67498808 60.62500194 11.67498808 61.07498834 0 P 0
L 11.67498808 60.62500194 12.12497702 60.6249994 0 P 0
L 11.67498808 61.07498834 12.12497448 61.07498834 0 P 0
L 11.67499062 52.9249894 11.67499062 53.3749758 0 P 0
L 11.67499062 52.9249894 12.12497702 52.9249894 0 P 0
L 11.67499062 53.3749758 12.12497702 53.3749758 0 P 0
L 11.67499062 54.0250126 11.67499062 54.474999 0 P 0
L 11.67499062 54.0250126 12.12497702 54.0250126 0 P 0
L 11.67499062 54.474999 12.12497702 54.474999 0 P 0
L 11.67499062 57.3249806 11.67499062 57.7750178 0 P 0
L 11.67499062 57.3249806 12.12497702 57.3249806 0 P 0
L 11.67499062 57.7750178 12.12497702 57.7750178 0 P 0
L 11.67499062 58.4250038 11.67499062 58.8749902 0 P 0
L 11.67499062 58.4250038 12.12497702 58.4250038 0 P 0
L 11.67499062 58.8749902 12.12497702 58.8749902 0 P 0
L 11.67499062 61.7249718 11.67499062 62.175009 0 P 0
L 11.67499062 61.7249718 12.12497702 61.7249718 0 P 0
L 11.67499062 62.175009 12.12497702 62.175009 0 P 0
L 11.99999886 57.3999995 11.99999886 59.40000058 0 P 0
L 11.99999886 57.3999995 13.99999994 57.3999995 0 P 0
L 11.99999886 59.40000058 13.99999994 59.40000058 0 P 0
L 12.12497448 56.22501074 12.12497448 56.6749946 0 P 0
L 12.12497448 61.07498834 12.12497702 60.6249994 0 P 0
L 12.12497702 52.9249894 12.12497702 53.3749758 0 P 0
L 12.12497702 54.0250126 12.12497702 54.474999 0 P 0
L 12.12497702 57.3249806 12.12497702 57.7750178 0 P 0
L 12.12497702 58.4250038 12.12497702 58.8749902 0 P 0
L 12.12497702 61.7249718 12.12497702 62.175009 0 P 0
L 12.6500001 55.6749966 12.65000264 54.57499626 0 P 0
L 12.6500001 55.6749966 13.2499989 55.6749966 0 P 0
L 12.65000264 54.57499626 13.24999636 54.57499626 0 P 0
L 12.77501382 52.9249894 12.77501382 53.3749758 0 P 0
L 12.77501382 52.9249894 13.22500022 52.9249894 0 P 0
L 12.77501382 53.3749758 13.22500022 53.3749758 0 P 0
L 12.77501382 54.0250126 12.77501382 54.474999 0 P 0
L 12.77501382 54.0250126 13.22500022 54.0250126 0 P 0
L 12.77501382 54.474999 13.22500022 54.474999 0 P 0
L 12.77501382 55.124985 12.77501636 55.5750222 0 P 0
L 12.77501382 55.124985 13.22500022 55.124985 0 P 0
L 12.77501382 56.2250082 12.77501382 56.6749946 0 P 0
L 12.77501382 56.2250082 13.22500022 56.2250082 0 P 0
L 12.77501382 56.6749946 13.22500022 56.6749946 0 P 0
L 12.77501382 57.3249806 12.77501382 57.7750178 0 P 0
L 12.77501382 57.3249806 13.22500022 57.3249806 0 P 0
L 12.77501382 57.7750178 13.22500022 57.7750178 0 P 0
L 12.77501382 58.42500634 12.77501382 58.87499274 0 P 0
L 12.77501382 58.42500634 13.22500022 58.42500634 0 P 0
L 12.77501382 58.87499274 13.22500022 58.87499274 0 P 0
L 12.77501382 59.5249762 12.77501636 59.9750134 0 P 0
L 12.77501382 59.5249762 13.22500276 59.52497366 0 P 0
L 12.77501382 60.6249994 12.77501382 61.0749858 0 P 0
L 12.77501382 60.6249994 13.22500022 60.6249994 0 P 0
L 12.77501382 61.0749858 13.22500022 61.0749858 0 P 0
L 12.77501382 61.7249718 12.77501382 62.175009 0 P 0
L 12.77501382 61.7249718 13.22500022 61.7249718 0 P 0
L 12.77501382 62.175009 13.22500022 62.175009 0 P 0
L 12.77501636 55.5750222 13.22500276 55.5750222 0 P 0
L 12.77501636 59.9750134 13.22500276 59.9750134 0 P 0
L 13.22500022 52.9249894 13.22500022 53.3749758 0 P 0
L 13.22500022 54.0250126 13.22500022 54.474999 0 P 0
L 13.22500022 55.124985 13.22500276 55.5750222 0 P 0
L 13.22500022 56.2250082 13.22500022 56.6749946 0 P 0
L 13.22500022 57.3249806 13.22500022 57.7750178 0 P 0
L 13.22500022 58.42500634 13.22500022 58.87499274 0 P 0
L 13.22500022 60.6249994 13.22500022 61.0749858 0 P 0
L 13.22500022 61.7249718 13.22500022 62.175009 0 P 0
L 13.22500276 59.52497366 13.22500276 59.9750134 0 P 0
L 13.24999636 54.57499626 13.2499989 55.6749966 0 P 0
L 13.72499922 54.27499686 13.72499922 55.3749972 0 P 0
L 13.72499922 54.27499686 14.32499802 54.27499686 0 P 0
L 13.72499922 55.3749972 14.32499802 55.3749972 0 P 0
L 13.87498622 52.9249894 13.87498622 53.3749758 0 P 0
L 13.87498622 52.9249894 14.32497262 52.9249894 0 P 0
L 13.87498622 53.3749758 14.32497262 53.3749758 0 P 0
L 13.87498622 54.0250126 13.87498622 54.474999 0 P 0
L 13.87498622 54.0250126 14.32497008 54.0250126 0 P 0
L 13.87498622 54.474999 14.32497008 54.474999 0 P 0
L 13.87498622 55.124985 13.87498622 55.5750222 0 P 0
L 13.87498622 55.124985 14.32497262 55.124985 0 P 0
L 13.87498622 55.5750222 14.32497262 55.5750222 0 P 0
L 13.87498622 56.2250082 13.87498622 56.6749946 0 P 0
L 13.87498622 56.2250082 14.32497262 56.2250082 0 P 0
L 13.87498622 56.6749946 14.32497262 56.6749946 0 P 0
L 13.87498622 57.3249806 13.87498622 57.7750178 0 P 0
L 13.87498622 57.3249806 14.32497262 57.3249806 0 P 0
L 13.87498622 57.7750178 14.32497262 57.7750178 0 P 0
L 13.87498622 58.42500634 13.87498622 58.87499274 0 P 0
L 13.87498622 58.42500634 14.32497008 58.42500634 0 P 0
L 13.87498622 58.87499274 14.32497008 58.87499274 0 P 0
L 13.87498622 59.52497366 13.87498622 59.9750134 0 P 0
L 13.87498622 59.52497366 14.32497262 59.5249762 0 P 0
L 13.87498622 59.9750134 14.32497262 59.9750134 0 P 0
L 13.87498622 60.6249994 13.87498622 61.0749858 0 P 0
L 13.87498622 60.6249994 14.32497262 60.6249994 0 P 0
L 13.87498622 61.0749858 14.32497262 61.0749858 0 P 0
L 13.87498622 61.7249718 13.87498622 62.175009 0 P 0
L 13.87498622 61.7249718 14.32497262 61.7249718 0 P 0
L 13.87498622 62.175009 14.32497262 62.175009 0 P 0
L 13.99999994 57.3999995 13.99999994 59.40000058 0 P 0
L 14.32497008 54.0250126 14.32497008 54.474999 0 P 0
L 14.32497008 58.42500634 14.32497008 58.87499274 0 P 0
L 14.32497262 52.9249894 14.32497262 53.3749758 0 P 0
L 14.32497262 55.124985 14.32497262 55.5750222 0 P 0
L 14.32497262 56.2250082 14.32497262 56.6749946 0 P 0
L 14.32497262 57.3249806 14.32497262 57.7750178 0 P 0
L 14.32497262 59.5249762 14.32497262 59.9750134 0 P 0
L 14.32497262 60.6249994 14.32497262 61.0749858 0 P 0
L 14.32497262 61.7249718 14.32497262 62.175009 0 P 0
L 14.32499802 54.27499686 14.32499802 55.3749972 0 P 0
L 19.0000001 103.80000068 19.0000001 128.80000148 1 P 0
L 19.0000001 103.80000068 51.00000214 103.80000068 1 P 0
L 19.0000001 128.80000148 51.00000214 128.80000148 1 P 0
L 20.00000064 12.75000498 20.00000064 20.25000014 1 P 0
L 21.50000018 27.99999988 21.50000018 53.00000068 1 P 0
L 21.50000018 27.99999988 46.50000098 27.99999988 1 P 0
L 21.50000018 53.00000068 46.50000098 53.00000068 1 P 0
L 23.0950008 3.32500224 23.0950008 7.77000224 0 P 0
L 23.2220008 8.15100224 24.4920008 10.05600224 0 P 0
L 23.7300008 2.69000224 26.2700008 2.69000224 0 P 0
L 25.5080008 10.05600224 26.7780008 8.15100224 0 P 0
L 26.9050008 3.32500224 26.9050008 7.77000224 0 P 0
L 31.72499624 4.87500168 31.72500132 1.87500006 0 P 0
L 31.72499624 4.87500168 34.7250004 4.87500168 0 P 0
L 31.72500132 1.87500006 34.72499786 1.87500006 0 P 0
L 34.72499786 1.87500006 34.7250004 4.87500168 0 P 0
L 44.90000164 1.25000004 44.90000164 1.74999904 0 P 0
L 44.90000164 1.25000004 45.4493376 1.25000004 0 P 0
L 44.90000164 1.74999904 48.10000032 1.74999904 0 P 0
L 46.50000098 27.99999988 46.50000098 53.00000068 1 P 0
L 47.5596839 1.24995686 48.10000032 1.25000258 0 P 0
L 48.00000052 12.75000244 48.00000052 20.2499976 1 P 0
L 48.00000052 12.75000244 58.00000084 12.75000244 1 P 0
L 48.00000052 20.2499976 58.00000084 20.2499976 1 P 0
L 48.10000032 1.25000258 48.10000032 1.74999904 0 P 0
L 50.0000016 0.75000104 50.0000016 3.25000112 0 P 0
L 50.0000016 0.75000104 50.6500003 0.75000104 0 P 0
L 50.0000016 3.25000112 53.0250019 3.25000112 0 P 0
L 50.6500003 0.25000204 50.6500003 0.75000104 0 P 0
L 50.6500003 0.25000204 51.05002998 0.04997196 0 P 0
L 51.00000214 103.80000068 51.00000214 128.80000148 1 P 0
L 51.05002998 0.04997196 51.94996722 0.04992624 0 P 0
L 51.11000192 72.73500058 51.11000192 73.36500186 0 P 0
L 51.11000192 72.73500058 51.44000126 72.73500058 0 P 0
L 51.11000192 73.36500186 51.44000126 73.36500186 0 P 0
L 51.44000126 72.73500058 51.44000126 73.36500186 0 P 0
L 51.66000082 72.73500058 51.66000082 73.36500186 0 P 0
L 51.66000082 72.73500058 51.99000016 72.73500058 0 P 0
L 51.66000082 73.36500186 51.99000016 73.36500186 0 P 0
L 51.94996722 0.04992624 52.35000198 0.25000204 0 P 0
L 51.99000016 72.73500058 51.99000016 73.36500186 0 P 0
L 52.35000198 0.25000204 52.35000198 0.75000104 0 P 0
L 52.35000198 0.75000104 53.0250019 0.75000104 0 P 0
L 53.0250019 0.75000104 53.0250019 3.25000112 0 P 0
L 54.16999834 57.66999896 54.16999834 59.33000072 0 P 0
L 54.16999834 57.66999896 55.8300001 57.66999896 0 P 0
L 54.16999834 59.33000072 55.8300001 59.33000072 0 P 0
L 55.8300001 57.66999896 55.8300001 59.33000072 0 P 0
L 58.00000084 12.75000244 58.00000084 20.2499976 1 P 0
L 58.82499792 53.70000182 58.82499792 62.3000024 1 P 0
L 58.82499792 53.70000182 66.74999858 53.70000182 1 P 0
L 58.82499792 62.3000024 66.74999858 62.3000024 1 P 0
L 60.21320698 52.05556518 60.21320698 53.00556582 0 P 0
L 60.21320698 52.05556518 61.91320866 52.05556518 0 P 0
L 60.21320698 53.00556582 61.91320866 53.00556582 0 P 0
L 61.23820874 51.03056342 61.23820874 52.7305651 0 P 0
L 61.23820874 51.03056342 62.18820938 51.03056342 0 P 0
L 61.23820874 52.7305651 62.18820938 52.7305651 0 P 0
L 61.91320866 52.05556518 61.91320866 53.00556582 0 P 0
L 62.18820938 51.03056342 62.18820938 52.7305651 0 P 0
L 63.66617442 51.07174444 63.66617442 52.77174612 0 P 0
L 63.66617442 51.07174444 64.61617506 51.07174444 0 P 0
L 63.66617442 52.77174612 64.61617506 52.77174612 0 P 0
L 63.9499991 52.09261616 63.9499991 53.0426168 0 P 0
L 63.9499991 52.09261616 65.65000078 52.09261616 0 P 0
L 63.9499991 53.0426168 65.65000078 53.0426168 0 P 0
L 64.61617506 51.07174444 64.61617506 52.77174612 0 P 0
L 65.65000078 52.09261616 65.65000078 53.0426168 0 P 0
L 66.74999858 53.70000182 66.74999858 62.3000024 1 P 0
L 204.5134086 45.68129802 204.5134086 48.09429802 2 P 0
L 204.5134086 45.68129802 227.8814086 45.68129802 2 P 0
L 204.5134086 48.09429802 227.8814086 48.09429802 2 P 0
L 211.26251626 46.70570542 211.74622116 46.70570542 1 P 0 ;0,1=0,2=0.000000
L 211.50436744 47.38289228 211.11740352 46.36711072 1 P 0 ;0,1=0,2=0.000000
L 211.8913339 46.36711072 211.50436744 47.38289228 1 P 0 ;0,1=0,2=0.000000
L 212.12834892 46.89918738 212.17672068 46.8024464 1 P 0 ;0,1=0,2=0.000000
L 212.17672068 46.41548248 212.12834892 46.51222346 1 P 0 ;0,1=0,2=0.000000
L 212.17672068 46.8024464 212.27346166 46.75407464 1 P 0 ;0,1=0,2=0.000000
L 212.17672068 46.99592836 212.12834892 46.89918738 1 P 0 ;0,1=0,2=0.000000
L 212.27346166 46.75407464 212.51531284 46.70570542 1 P 0 ;0,1=0,2=0.000000
L 212.32183088 46.36711072 212.17672068 46.41548248 1 P 0 ;0,1=0,2=0.000000
L 212.32183088 47.04430012 212.17672068 46.99592836 1 P 0 ;0,1=0,2=0.000000
L 212.46694362 46.36711072 212.32183088 46.36711072 1 P 0 ;0,1=0,2=0.000000
L 212.46694362 47.04430012 212.32183088 47.04430012 1 P 0 ;0,1=0,2=0.000000
L 212.51531284 46.70570542 212.61205382 46.65733366 1 P 0 ;0,1=0,2=0.000000
L 212.61205382 46.41548248 212.46694362 46.36711072 1 P 0 ;0,1=0,2=0.000000
L 212.61205382 46.65733366 212.66042558 46.56059268 1 P 0 ;0,1=0,2=0.000000
L 212.61205382 46.99592836 212.46694362 47.04430012 1 P 0 ;0,1=0,2=0.000000
L 212.66042558 46.51222346 212.61205382 46.41548248 1 P 0 ;0,1=0,2=0.000000
L 212.66042558 46.56059268 212.66042558 46.51222346 1 P 0 ;0,1=0,2=0.000000
L 212.66042558 46.89918738 212.61205382 46.99592836 1 P 0 ;0,1=0,2=0.000000
L 212.87325726 46.89918738 212.92162902 46.8024464 1 P 0 ;0,1=0,2=0.000000
L 212.92162902 46.41548248 212.87325726 46.51222346 1 P 0 ;0,1=0,2=0.000000
L 212.92162902 46.8024464 213.01837 46.75407464 1 P 0 ;0,1=0,2=0.000000
L 212.92162902 46.99592836 212.87325726 46.89918738 1 P 0 ;0,1=0,2=0.000000
L 213.01837 46.75407464 213.26022118 46.70570542 1 P 0 ;0,1=0,2=0.000000
L 213.06673922 46.36711072 212.92162902 46.41548248 1 P 0 ;0,1=0,2=0.000000
L 213.06673922 47.04430012 212.92162902 46.99592836 1 P 0 ;0,1=0,2=0.000000
L 213.21185196 46.36711072 213.06673922 46.36711072 1 P 0 ;0,1=0,2=0.000000
L 213.21185196 47.04430012 213.06673922 47.04430012 1 P 0 ;0,1=0,2=0.000000
L 213.26022118 46.70570542 213.35696216 46.65733366 1 P 0 ;0,1=0,2=0.000000
L 213.35696216 46.41548248 213.21185196 46.36711072 1 P 0 ;0,1=0,2=0.000000
L 213.35696216 46.65733366 213.40533392 46.56059268 1 P 0 ;0,1=0,2=0.000000
L 213.35696216 46.99592836 213.21185196 47.04430012 1 P 0 ;0,1=0,2=0.000000
L 213.40533392 46.51222346 213.35696216 46.41548248 1 P 0 ;0,1=0,2=0.000000
L 213.40533392 46.56059268 213.40533392 46.51222346 1 P 0 ;0,1=0,2=0.000000
L 213.40533392 46.89918738 213.35696216 46.99592836 1 P 0 ;0,1=0,2=0.000000
L 213.6181656 46.65733366 213.66653736 46.51222346 1 P 0 ;0,1=0,2=0.000000
L 213.6181656 46.75407464 213.6181656 46.65733366 1 P 0 ;0,1=0,2=0.000000
L 213.6181656 46.75407464 214.19861148 46.75407464 1 P 0 ;0,1=0,2=0.000000
L 213.66653736 46.51222346 213.76327834 46.41548248 1 P 0 ;0,1=0,2=0.000000
L 213.66653736 46.89918738 213.6181656 46.75407464 1 P 0 ;0,1=0,2=0.000000
L 213.76327834 46.41548248 213.86001932 46.36711072 1 P 0 ;0,1=0,2=0.000000
L 213.76327834 46.99592836 213.66653736 46.89918738 1 P 0 ;0,1=0,2=0.000000
L 213.86001932 46.36711072 214.00512952 46.36711072 1 P 0 ;0,1=0,2=0.000000
L 213.86001932 47.04430012 213.76327834 46.99592836 1 P 0 ;0,1=0,2=0.000000
L 214.00512952 46.36711072 214.1018705 46.41548248 1 P 0 ;0,1=0,2=0.000000
L 214.00512952 47.04430012 213.86001932 47.04430012 1 P 0 ;0,1=0,2=0.000000
L 214.1018705 46.41548248 214.19861148 46.51222346 1 P 0 ;0,1=0,2=0.000000
L 214.1018705 46.99592836 214.00512952 47.04430012 1 P 0 ;0,1=0,2=0.000000
L 214.15024226 46.9475566 214.1018705 46.99592836 1 P 0 ;0,1=0,2=0.000000
L 214.19861148 46.75407464 214.19861148 46.85081562 1 P 0 ;0,1=0,2=0.000000
L 214.19861148 46.85081562 214.15024226 46.9475566 1 P 0 ;0,1=0,2=0.000000
L 214.41627932 46.85081562 214.56139206 46.99592836 1 P 0 ;0,1=0,2=0.000000
L 214.41627932 47.04430012 214.41627932 46.36711072 1 P 0 ;0,1=0,2=0.000000
L 214.56139206 46.99592836 214.65813304 47.04430012 1 P 0 ;0,1=0,2=0.000000
L 214.65813304 47.04430012 214.80324324 47.04430012 1 P 0 ;0,1=0,2=0.000000
L 214.80324324 47.04430012 214.89998422 46.99592836 1 P 0 ;0,1=0,2=0.000000
L 214.89998422 46.99592836 214.94835598 46.85081562 1 P 0 ;0,1=0,2=0.000000
L 214.94835598 46.85081562 214.94835598 46.36711072 1 P 0 ;0,1=0,2=0.000000
L 214.94835598 46.85081562 215.09346872 46.99592836 1 P 0 ;0,1=0,2=0.000000
L 215.09346872 46.99592836 215.1902097 47.04430012 1 P 0 ;0,1=0,2=0.000000
L 215.1902097 47.04430012 215.3353199 47.04430012 1 P 0 ;0,1=0,2=0.000000
L 215.3353199 47.04430012 215.43206088 46.99592836 1 P 0 ;0,1=0,2=0.000000
L 215.43206088 46.99592836 215.48043264 46.85081562 1 P 0 ;0,1=0,2=0.000000
L 215.48043264 46.85081562 215.48043264 46.36711072 1 P 0 ;0,1=0,2=0.000000
L 215.79967762 46.89918738 215.8964186 46.99592836 1 P 0 ;0,1=0,2=0.000000
L 215.79967762 47.38289228 215.79967762 46.36711072 1 P 0 ;0,1=0,2=0.000000
L 215.8964186 46.41548248 215.79967762 46.51222346 1 P 0 ;0,1=0,2=0.000000
L 215.8964186 46.99592836 215.99315958 47.04430012 1 P 0 ;0,1=0,2=0.000000
L 215.99315958 46.36711072 215.8964186 46.41548248 1 P 0 ;0,1=0,2=0.000000
L 215.99315958 47.04430012 216.13827232 47.04430012 1 P 0 ;0,1=0,2=0.000000
L 216.13827232 46.36711072 215.99315958 46.36711072 1 P 0 ;0,1=0,2=0.000000
L 216.13827232 47.04430012 216.2350133 46.99592836 1 P 0 ;0,1=0,2=0.000000
L 216.2350133 46.41548248 216.13827232 46.36711072 1 P 0 ;0,1=0,2=0.000000
L 216.2350133 46.99592836 216.33175428 46.89918738 1 P 0 ;0,1=0,2=0.000000
L 216.33175428 46.51222346 216.2350133 46.41548248 1 P 0 ;0,1=0,2=0.000000
L 216.33175428 46.89918738 216.3801235 46.75407464 1 P 0 ;0,1=0,2=0.000000
L 216.3801235 46.65733366 216.33175428 46.51222346 1 P 0 ;0,1=0,2=0.000000
L 216.3801235 46.75407464 216.3801235 46.65733366 1 P 0 ;0,1=0,2=0.000000
L 216.59779134 47.38289228 216.59779134 46.36711072 1 P 0 ;0,1=0,2=0.000000
L 216.85899478 46.02851602 216.81062302 46.02851602 1 P 0 ;0,1=0,2=0.000000
L 216.85899478 47.04430012 217.14921772 46.36711072 1 P 0 ;0,1=0,2=0.000000
L 216.95573576 46.07688778 216.85899478 46.02851602 1 P 0 ;0,1=0,2=0.000000
L 217.05247674 46.17362876 216.95573576 46.07688778 1 P 0 ;0,1=0,2=0.000000
L 217.14921772 46.36711072 217.05247674 46.17362876 1 P 0 ;0,1=0,2=0.000000
L 217.43944066 47.04430012 217.14921772 46.36711072 1 P 0 ;0,1=0,2=0.000000
L 218.40685046 46.89918738 218.84218614 46.89918738 1 P 0 ;0,1=0,2=0.000000
L 218.40685046 47.38289228 218.40685046 46.36711072 1 P 0 ;0,1=0,2=0.000000
L 218.40685046 47.38289228 218.84218614 47.38289228 1 P 0 ;0,1=0,2=0.000000
L 218.84218614 46.36711072 218.40685046 46.36711072 1 P 0 ;0,1=0,2=0.000000
L 218.84218614 46.89918738 218.98729634 46.85081562 1 P 0 ;0,1=0,2=0.000000
L 218.84218614 47.38289228 218.98729634 47.33452306 1 P 0 ;0,1=0,2=0.000000
L 218.98729634 46.41548248 218.84218614 46.36711072 1 P 0 ;0,1=0,2=0.000000
L 218.98729634 46.85081562 219.0356681 46.8024464 1 P 0 ;0,1=0,2=0.000000
L 218.98729634 46.9475566 218.84218614 46.89918738 1 P 0 ;0,1=0,2=0.000000
L 218.98729634 47.33452306 219.0356681 47.2861513 1 P 0 ;0,1=0,2=0.000000
L 219.0356681 46.4638517 218.98729634 46.41548248 1 P 0 ;0,1=0,2=0.000000
L 219.0356681 46.8024464 219.08403986 46.70570542 1 P 0 ;0,1=0,2=0.000000
L 219.0356681 46.99592836 218.98729634 46.9475566 1 P 0 ;0,1=0,2=0.000000
L 219.0356681 47.2861513 219.08403986 47.18941032 1 P 0 ;0,1=0,2=0.000000
L 219.08403986 46.56059268 219.0356681 46.4638517 1 P 0 ;0,1=0,2=0.000000
L 219.08403986 46.70570542 219.08403986 46.56059268 1 P 0 ;0,1=0,2=0.000000
L 219.08403986 47.09266934 219.0356681 46.99592836 1 P 0 ;0,1=0,2=0.000000
L 219.08403986 47.18941032 219.08403986 47.09266934 1 P 0 ;0,1=0,2=0.000000
L 219.31138002 46.65733366 219.35975178 46.51222346 1 P 0 ;0,1=0,2=0.000000
L 219.31138002 46.75407464 219.31138002 46.65733366 1 P 0 ;0,1=0,2=0.000000
L 219.35975178 46.51222346 219.45649276 46.41548248 1 P 0 ;0,1=0,2=0.000000
L 219.35975178 46.89918738 219.31138002 46.75407464 1 P 0 ;0,1=0,2=0.000000
L 219.45649276 46.41548248 219.55323374 46.36711072 1 P 0 ;0,1=0,2=0.000000
L 219.45649276 46.99592836 219.35975178 46.89918738 1 P 0 ;0,1=0,2=0.000000
L 219.55323374 46.36711072 219.69834394 46.36711072 1 P 0 ;0,1=0,2=0.000000
L 219.55323374 47.04430012 219.45649276 46.99592836 1 P 0 ;0,1=0,2=0.000000
L 219.69834394 46.36711072 219.79508492 46.41548248 1 P 0 ;0,1=0,2=0.000000
L 219.69834394 47.04430012 219.55323374 47.04430012 1 P 0 ;0,1=0,2=0.000000
L 219.79508492 46.41548248 219.8918259 46.51222346 1 P 0 ;0,1=0,2=0.000000
L 219.79508492 46.99592836 219.69834394 47.04430012 1 P 0 ;0,1=0,2=0.000000
L 219.8918259 46.51222346 219.94019766 46.65733366 1 P 0 ;0,1=0,2=0.000000
L 219.8918259 46.89918738 219.79508492 46.99592836 1 P 0 ;0,1=0,2=0.000000
L 219.94019766 46.65733366 219.94019766 46.75407464 1 P 0 ;0,1=0,2=0.000000
L 219.94019766 46.75407464 219.8918259 46.89918738 1 P 0 ;0,1=0,2=0.000000
L 220.16270166 47.04430012 220.50129636 47.04430012 1 P 0 ;0,1=0,2=0.000000
L 220.3078144 46.56059268 220.35618362 46.41548248 1 P 0 ;0,1=0,2=0.000000
L 220.3078144 47.38289228 220.3078144 46.56059268 1 P 0 ;0,1=0,2=0.000000
L 220.35618362 46.41548248 220.4529246 46.36711072 1 P 0 ;0,1=0,2=0.000000
L 220.4529246 46.36711072 220.54966558 46.36711072 1 P 0 ;0,1=0,2=0.000000
L 220.69477832 47.04430012 221.03337302 47.04430012 1 P 0 ;0,1=0,2=0.000000
L 220.83989106 46.56059268 220.88826028 46.41548248 1 P 0 ;0,1=0,2=0.000000
L 220.83989106 47.38289228 220.83989106 46.56059268 1 P 0 ;0,1=0,2=0.000000
L 220.88826028 46.41548248 220.98500126 46.36711072 1 P 0 ;0,1=0,2=0.000000
L 220.98500126 46.36711072 221.08174224 46.36711072 1 P 0 ;0,1=0,2=0.000000
L 221.22685498 46.65733366 221.27522674 46.51222346 1 P 0 ;0,1=0,2=0.000000
L 221.22685498 46.75407464 221.22685498 46.65733366 1 P 0 ;0,1=0,2=0.000000
L 221.27522674 46.51222346 221.37196772 46.41548248 1 P 0 ;0,1=0,2=0.000000
L 221.27522674 46.89918738 221.22685498 46.75407464 1 P 0 ;0,1=0,2=0.000000
L 221.37196772 46.41548248 221.4687087 46.36711072 1 P 0 ;0,1=0,2=0.000000
L 221.37196772 46.99592836 221.27522674 46.89918738 1 P 0 ;0,1=0,2=0.000000
L 221.4687087 46.36711072 221.6138189 46.36711072 1 P 0 ;0,1=0,2=0.000000
L 221.4687087 47.04430012 221.37196772 46.99592836 1 P 0 ;0,1=0,2=0.000000
L 221.6138189 46.36711072 221.71055988 46.41548248 1 P 0 ;0,1=0,2=0.000000
L 221.6138189 47.04430012 221.4687087 47.04430012 1 P 0 ;0,1=0,2=0.000000
L 221.71055988 46.41548248 221.80730086 46.51222346 1 P 0 ;0,1=0,2=0.000000
L 221.71055988 46.99592836 221.6138189 47.04430012 1 P 0 ;0,1=0,2=0.000000
L 221.80730086 46.51222346 221.85567262 46.65733366 1 P 0 ;0,1=0,2=0.000000
L 221.80730086 46.89918738 221.71055988 46.99592836 1 P 0 ;0,1=0,2=0.000000
L 221.85567262 46.65733366 221.85567262 46.75407464 1 P 0 ;0,1=0,2=0.000000
L 221.85567262 46.75407464 221.80730086 46.89918738 1 P 0 ;0,1=0,2=0.000000
L 222.07817662 46.85081562 222.22328936 46.99592836 1 P 0 ;0,1=0,2=0.000000
L 222.07817662 47.04430012 222.07817662 46.36711072 1 P 0 ;0,1=0,2=0.000000
L 222.22328936 46.99592836 222.32003034 47.04430012 1 P 0 ;0,1=0,2=0.000000
L 222.32003034 47.04430012 222.46514054 47.04430012 1 P 0 ;0,1=0,2=0.000000
L 222.46514054 47.04430012 222.56188152 46.99592836 1 P 0 ;0,1=0,2=0.000000
L 222.56188152 46.99592836 222.61025328 46.85081562 1 P 0 ;0,1=0,2=0.000000
L 222.61025328 46.85081562 222.61025328 46.36711072 1 P 0 ;0,1=0,2=0.000000
L 222.61025328 46.85081562 222.75536602 46.99592836 1 P 0 ;0,1=0,2=0.000000
L 222.75536602 46.99592836 222.852107 47.04430012 1 P 0 ;0,1=0,2=0.000000
L 222.852107 47.04430012 222.9972172 47.04430012 1 P 0 ;0,1=0,2=0.000000
L 222.9972172 47.04430012 223.09395818 46.99592836 1 P 0 ;0,1=0,2=0.000000
L 223.09395818 46.99592836 223.14232994 46.85081562 1 P 0 ;0,1=0,2=0.000000
L 223.14232994 46.85081562 223.14232994 46.36711072 1 P 0 ;0,1=0,2=0.000000
L 227.8814086 45.68129802 227.8814086 48.09429802 2 P 0
P 206.9264086 46.88779548 3 P 0 0
