UNITS=MM
#Layer_Color=0
#
#Feature symbol names
#
$0 r49.9999
$1 r63.5
$2 r127
$3 r5.00126
$4 r9.99998
$5 r199.9996
$6 rect4826x2413

#
#Feature attribute names
#
@0 .nomenclature
@1 .string
@2 .string_angle

#
#Feature attribute text strings
#
&0 Coutryard Bottom

#
#Layer features
#
A 7.25000328 19.50000164 7.25000328 19.50000164 4.00000216 19.50000164 0 P 0 N
A 7.25000328 78.50000048 7.25000328 78.50000048 4.00000216 78.50000048 0 P 0 N
A 23.0950008 3.32500224 23.7300008 2.69000224 23.7300008 3.32500224 0 P 0 N
A 23.2220008 8.15100224 23.0950008 7.77000224 23.7300008 7.77000224 0 P 0 N
A 25.5080008 10.05600224 24.4920008 10.05600224 25.0000008 9.67500224 0 P 0 N
A 26.2700008 2.69000224 26.9050008 3.32500224 26.2700008 3.32500224 0 P 0 N
A 26.9050008 7.77000224 26.7780008 8.15100224 26.2700008 7.77000224 0 P 0 N
A 67.25000266 19.50000164 67.25000266 19.50000164 64.00000154 19.50000164 0 P 0 N
A 67.25000266 78.50000048 67.25000266 78.50000048 64.00000154 78.50000048 0 P 0 N
L 0.90000582 53.1499826 1.50000462 53.1499826 0 P 0
L 0.90000582 54.2500058 1.50000462 54.2500058 0 P 0
L 0.90000582 60.8499926 1.50000462 60.8499926 0 P 0
L 0.90000582 61.9500158 1.50000462 61.9500158 0 P 0
L 0.97498662 52.9249894 0.97498662 53.3749758 0 P 0
L 0.97498662 52.9249894 1.42497302 52.9249894 0 P 0
L 0.97498662 53.3749758 1.42497302 53.3749758 0 P 0
L 0.97498662 54.0250126 0.97498662 54.474999 0 P 0
L 0.97498662 54.0250126 1.42497302 54.0250126 0 P 0
L 0.97498662 54.474999 1.42497302 54.474999 0 P 0
L 0.97498662 60.62500194 0.97498662 61.07498834 0 P 0
L 0.97498662 60.62500194 1.42497048 60.62500194 0 P 0
L 0.97498662 61.07498834 1.42497048 61.07498834 0 P 0
L 0.97498662 61.7249718 0.97498662 62.175009 0 P 0
L 0.97498662 61.7249718 1.42497302 61.7249718 0 P 0
L 0.97498662 62.175009 1.42497302 62.175009 0 P 0
L 1.02500176 98.19999664 1.0250043 105.19999788 0 P 0
L 1.02500176 98.19999664 7.02499992 98.19999918 0 P 0
L 1.0250043 105.19999788 7.02499992 105.20000042 0 P 0
L 1.19997982 52.8500086 1.19997982 53.4500074 0 P 0
L 1.19997982 53.949981 1.19997982 54.5499798 0 P 0
L 1.19997982 60.5500186 1.19997982 61.1500174 0 P 0
L 1.19997982 61.649991 1.19997982 62.2499898 0 P 0
L 1.42497048 60.62500194 1.42497048 61.07498834 0 P 0
L 1.42497302 52.9249894 1.42497302 53.3749758 0 P 0
L 1.42497302 54.0250126 1.42497302 54.474999 0 P 0
L 1.42497302 61.7249718 1.42497302 62.175009 0 P 0
L 2.39997742 53.1499826 2.99997622 53.14998006 0 P 0
L 2.39997742 61.9500158 2.99997622 61.95001326 0 P 0
L 2.47500902 52.9249894 2.47500902 53.3749758 0 P 0
L 2.47500902 52.9249894 2.92499542 52.9249894 0 P 0
L 2.47500902 53.3749758 2.92499542 53.3749758 0 P 0
L 2.47500902 61.7249718 2.47500902 62.175009 0 P 0
L 2.47500902 61.7249718 2.92499542 61.7249718 0 P 0
L 2.47500902 62.175009 2.92499542 62.175009 0 P 0
L 2.70000222 52.8500086 2.70000222 53.4500074 0 P 0
L 2.70000222 61.649991 2.70000222 62.2499898 0 P 0
L 2.92499542 52.9249894 2.92499542 53.3749758 0 P 0
L 2.92499542 61.7249718 2.92499542 62.175009 0 P 0
L 3.70000022 19.50000164 4.30000156 19.50000164 0 P 0
L 3.70000022 78.50000048 4.30000156 78.50000048 0 P 0
L 3.77500134 101.6999998 4.27500034 101.6999998 0 P 0
L 3.89999728 54.2500058 4.49999862 54.2500058 0 P 0
L 3.89999982 53.1499826 4.49999862 53.14998006 0 P 0
L 3.89999982 55.3499782 4.49999862 55.3499782 0 P 0
L 3.89999982 57.5499738 4.49999862 57.5499738 0 P 0
L 3.89999982 59.7500202 4.49999862 59.7500202 0 P 0
L 3.89999982 60.8499926 4.49999862 60.84999514 0 P 0
L 3.89999982 61.9500158 4.49999862 61.95001326 0 P 0
L 3.92500104 101.6999998 4.12500318 101.69999726 0 P 0
L 3.97498062 52.9249894 3.97498062 53.3749758 0 P 0
L 3.97498062 52.9249894 4.42501782 52.9249894 0 P 0
L 3.97498062 53.3749758 4.42501782 53.3749758 0 P 0
L 3.97498062 54.0250126 3.97498062 54.474999 0 P 0
L 3.97498062 54.0250126 4.42501782 54.0250126 0 P 0
L 3.97498062 54.474999 4.42501782 54.474999 0 P 0
L 3.97498062 55.124985 3.97498316 55.5750222 0 P 0
L 3.97498062 55.124985 4.42501782 55.124985 0 P 0
L 3.97498062 57.3249806 3.97498062 57.7750178 0 P 0
L 3.97498062 57.3249806 4.42501782 57.3249806 0 P 0
L 3.97498062 57.7750178 4.42501782 57.7750178 0 P 0
L 3.97498062 59.5249762 3.97498316 59.9750134 0 P 0
L 3.97498062 59.5249762 4.42501782 59.5249762 0 P 0
L 3.97498062 60.6249994 3.97498062 61.0749858 0 P 0
L 3.97498062 60.6249994 4.42501782 60.62500194 0 P 0
L 3.97498062 61.0749858 4.42501782 61.07498834 0 P 0
L 3.97498062 61.7249718 3.97498062 62.175009 0 P 0
L 3.97498062 61.7249718 4.42501782 61.7249718 0 P 0
L 3.97498062 62.175009 4.42501782 62.175009 0 P 0
L 3.97498316 55.5750222 4.42501782 55.5750222 0 P 0
L 3.97498316 59.9750134 4.42501782 59.9750134 0 P 0
L 3.99999962 19.20000224 3.99999962 19.80000104 0 P 0
L 3.99999962 78.20000108 3.99999962 78.79999988 0 P 0
L 4.02500084 101.4500003 4.02500084 101.9499993 0 P 0
L 4.19997382 52.85001114 4.19997382 53.4500074 0 P 0
L 4.19997382 54.5499798 4.19997636 53.949981 0 P 0
L 4.19997382 55.0500042 4.19997382 55.650003 0 P 0
L 4.19997382 57.8499986 4.19997636 57.2499998 0 P 0
L 4.19997382 59.4499954 4.19997382 60.0499942 0 P 0
L 4.19997382 60.5500186 4.19997636 61.1500174 0 P 0
L 4.19997382 62.2499898 4.19997636 61.649991 0 P 0
L 4.42501782 52.9249894 4.42501782 53.3749758 0 P 0
L 4.42501782 54.0250126 4.42501782 54.474999 0 P 0
L 4.42501782 55.124985 4.42501782 55.5750222 0 P 0
L 4.42501782 57.3249806 4.42501782 57.7750178 0 P 0
L 4.42501782 59.5249762 4.42501782 59.9750134 0 P 0
L 4.42501782 60.62500194 4.42501782 61.07498834 0 P 0
L 4.42501782 61.7249718 4.42501782 62.175009 0 P 0
L 4.99997222 54.2500058 5.59997102 54.2500058 0 P 0
L 4.99997222 55.3499782 5.59997102 55.3499782 0 P 0
L 4.99997222 59.7500202 5.59997102 59.7500202 0 P 0
L 4.99997222 60.84999514 5.59997102 60.8499926 0 P 0
L 4.99997222 61.95001326 5.59997102 61.9500158 0 P 0
L 4.99999508 53.14902756 5.59999642 53.14902756 0 P 0
L 5.00002556 57.0000003 5.6000269 57.0000003 0 P 0
L 5.00002556 58.0999981 5.60002436 58.0999981 0 P 0
L 5.07497588 52.92403436 5.07497588 53.37402076 0 P 0
L 5.07497588 52.92403436 5.52501308 52.92403436 0 P 0
L 5.07497588 53.37402076 5.52501308 53.37402076 0 P 0
L 5.07500128 55.5750222 5.07500382 55.124985 0 P 0
L 5.07500128 55.5750222 5.52498768 55.5750222 0 P 0
L 5.07500128 59.9750134 5.07500382 59.5249762 0 P 0
L 5.07500128 59.9750134 5.52499022 59.97501086 0 P 0
L 5.07500382 54.0250126 5.07500382 54.474999 0 P 0
L 5.07500382 54.0250126 5.52499022 54.0250126 0 P 0
L 5.07500382 54.474999 5.52499022 54.474999 0 P 0
L 5.07500382 55.124985 5.52499022 55.124985 0 P 0
L 5.07500382 59.5249762 5.52499022 59.5249762 0 P 0
L 5.07500382 60.6249994 5.07500382 61.0749858 0 P 0
L 5.07500382 60.6249994 5.52499022 60.6249994 0 P 0
L 5.07500382 61.0749858 5.52499022 61.0749858 0 P 0
L 5.07500382 61.7249718 5.07500382 62.175009 0 P 0
L 5.07500382 61.7249718 5.52499022 61.7249718 0 P 0
L 5.07500382 62.175009 5.52499022 62.175009 0 P 0
L 5.07500636 56.7750071 5.07500636 57.2250443 0 P 0
L 5.07500636 56.7750071 5.52499276 56.7750071 0 P 0
L 5.07500636 57.2250443 5.52499276 57.2250443 0 P 0
L 5.07500636 57.8750049 5.07500636 58.3250421 0 P 0
L 5.07500636 57.8750049 5.52499276 57.8750049 0 P 0
L 5.07500636 58.3250421 5.52499276 58.3250421 0 P 0
L 5.29999448 61.1500174 5.29999702 60.5500186 0 P 0
L 5.29999448 61.649991 5.29999702 62.2499898 0 P 0
L 5.29999702 53.949981 5.29999702 54.5499798 0 P 0
L 5.29999702 55.0500042 5.29999702 55.650003 0 P 0
L 5.29999702 59.4499954 5.29999702 60.0499942 0 P 0
L 5.29999956 56.7000263 5.3000021 57.3000251 0 P 0
L 5.29999956 58.4000229 5.3000021 57.8000241 0 P 0
L 5.30001988 52.84900276 5.30001988 53.44900156 0 P 0
L 5.52498768 55.5750222 5.52499022 55.124985 0 P 0
L 5.52499022 54.0250126 5.52499022 54.474999 0 P 0
L 5.52499022 59.5249762 5.52499022 59.97501086 0 P 0
L 5.52499022 60.6249994 5.52499022 61.0749858 0 P 0
L 5.52499022 61.7249718 5.52499022 62.175009 0 P 0
L 5.52499276 56.7750071 5.52499276 57.2250443 0 P 0
L 5.52499276 57.8750049 5.52499276 58.3250421 0 P 0
L 5.52501308 52.92403436 5.52501308 53.37402076 0 P 0
L 6.09999542 53.1499826 6.69999422 53.1499826 0 P 0
L 6.09999542 54.24999564 6.69999422 54.2499931 0 P 0
L 6.09999542 55.3499782 6.69999422 55.3499782 0 P 0
L 6.09999542 59.7500202 6.69999422 59.75001766 0 P 0
L 6.09999542 60.84999514 6.69999422 60.8499926 0 P 0
L 6.09999542 61.9500158 6.69999422 61.9500158 0 P 0
L 6.17497622 52.9249894 6.17497622 53.37497326 0 P 0
L 6.17497622 52.9249894 6.62501342 52.9249894 0 P 0
L 6.17497622 53.37497326 6.62501342 53.3749758 0 P 0
L 6.17497622 55.124985 6.17497622 55.5750222 0 P 0
L 6.17497622 55.124985 6.62501342 55.124985 0 P 0
L 6.17497622 55.5750222 6.62501342 55.5750222 0 P 0
L 6.17497622 59.5249762 6.17497622 59.9750134 0 P 0
L 6.17497622 59.5249762 6.62501342 59.5249762 0 P 0
L 6.17497622 59.9750134 6.62501342 59.9750134 0 P 0
L 6.17497622 61.07498834 6.17497876 60.62500194 0 P 0
L 6.17497622 61.07498834 6.62501342 61.0749858 0 P 0
L 6.17497622 61.7249718 6.17497622 62.17500646 0 P 0
L 6.17497622 61.7249718 6.62501342 61.7249718 0 P 0
L 6.17497622 62.17500646 6.62501342 62.175009 0 P 0
L 6.17497876 60.62500194 6.62501342 60.6249994 0 P 0
L 6.17502702 54.0249999 6.17502702 54.4749863 0 P 0
L 6.17502702 54.0249999 6.62501342 54.0249999 0 P 0
L 6.17502702 54.4749863 6.62501342 54.4749863 0 P 0
L 6.40002022 52.8500086 6.40002022 53.4500074 0 P 0
L 6.40002022 53.9500191 6.40002022 54.5500179 0 P 0
L 6.40002022 55.0500042 6.40002022 55.65000046 0 P 0
L 6.40002022 59.4499954 6.40002022 60.0499942 0 P 0
L 6.40002022 60.55001606 6.40002022 61.1500174 0 P 0
L 6.40002022 61.649991 6.40002022 62.2499898 0 P 0
L 6.62501342 52.9249894 6.62501342 53.3749758 0 P 0
L 6.62501342 54.0249999 6.62501342 54.4749863 0 P 0
L 6.62501342 55.124985 6.62501342 55.5750222 0 P 0
L 6.62501342 59.5249762 6.62501342 59.9750134 0 P 0
L 6.62501342 60.6249994 6.62501342 61.0749858 0 P 0
L 6.62501342 61.7249718 6.62501342 62.175009 0 P 0
L 7.02499992 98.19999918 7.02499992 105.20000042 0 P 0
L 7.20001354 59.74999226 7.80001234 59.74999226 0 P 0
L 7.20001862 53.1499826 7.80001742 53.1499826 0 P 0
L 7.20001862 54.2500058 7.80001488 54.2500058 0 P 0
L 7.20001862 55.3499782 7.80001742 55.3499782 0 P 0
L 7.20001862 60.8499926 7.80001742 60.8499926 0 P 0
L 7.20001862 61.9500158 7.80001742 61.9500158 0 P 0
L 7.20003132 57.0000003 7.80003012 57.0000003 0 P 0
L 7.20003132 58.0999981 7.80003012 58.0999981 0 P 0
L 7.27499434 59.5250016 7.27499434 59.974988 0 P 0
L 7.27499434 59.5250016 7.72498074 59.5250016 0 P 0
L 7.27499434 59.974988 7.72498074 59.974988 0 P 0
L 7.27499688 53.3749758 7.27499942 52.9249894 0 P 0
L 7.27499688 53.3749758 7.72498582 53.37497326 0 P 0
L 7.27499688 60.6249486 7.27499688 61.07498834 0 P 0
L 7.27499688 60.6249486 7.72498328 60.6249486 0 P 0
L 7.27499688 61.07498834 7.72498328 61.0749858 0 P 0
L 7.27499688 62.175009 7.27499942 61.7249718 0 P 0
L 7.27499688 62.175009 7.72498582 62.17500646 0 P 0
L 7.27499942 52.9249894 7.72498582 52.9249894 0 P 0
L 7.27499942 54.0250126 7.27499942 54.474999 0 P 0
L 7.27499942 54.0250126 7.72498582 54.0250126 0 P 0
L 7.27499942 54.474999 7.72498582 54.474999 0 P 0
L 7.27499942 55.124985 7.27499942 55.5750222 0 P 0
L 7.27499942 55.124985 7.72498582 55.124985 0 P 0
L 7.27499942 55.5750222 7.72498582 55.5750222 0 P 0
L 7.27499942 61.7249718 7.72498582 61.7249718 0 P 0
L 7.27500958 56.7750071 7.27501212 57.2250443 0 P 0
L 7.27500958 56.7750071 7.72499598 56.7750071 0 P 0
L 7.27501212 57.2250443 7.72499852 57.2250443 0 P 0
L 7.27501212 57.8750049 7.27501212 58.32503956 0 P 0
L 7.27501212 57.8750049 7.72499852 57.8750049 0 P 0
L 7.27501212 58.32503956 7.72499852 58.32503956 0 P 0
L 7.49998754 59.45001826 7.49998754 60.05001706 0 P 0
L 7.49999008 54.5499798 7.49999262 53.949981 0 P 0
L 7.49999008 55.0500042 7.49999262 55.650003 0 P 0
L 7.49999262 52.8500086 7.49999262 53.4500074 0 P 0
L 7.49999262 60.5499678 7.49999262 61.1499666 0 P 0
L 7.49999262 61.649991 7.49999262 62.2499898 0 P 0
L 7.50000532 56.7000263 7.50000532 57.3000251 0 P 0
L 7.50000532 57.8000241 7.50000532 58.4000229 0 P 0
L 7.72498074 59.5250016 7.72498074 59.974988 0 P 0
L 7.72498328 60.6249486 7.72498328 61.0749858 0 P 0
L 7.72498582 52.9249894 7.72498582 53.37497326 0 P 0
L 7.72498582 54.0250126 7.72498582 54.474999 0 P 0
L 7.72498582 55.124985 7.72498582 55.5750222 0 P 0
L 7.72498582 61.7249718 7.72498582 62.17500646 0 P 0
L 7.72499598 56.7750071 7.72499852 57.2250443 0 P 0
L 7.72499852 57.8750049 7.72499852 58.32503956 0 P 0
L 8.29999102 53.1499826 8.89998982 53.14998006 0 P 0
L 8.29999102 54.2500058 8.89998982 54.2500058 0 P 0
L 8.29999102 55.3499782 8.89998982 55.3499782 0 P 0
L 8.29999102 59.7500202 8.89998982 59.7500202 0 P 0
L 8.29999102 60.8499926 8.89998982 60.84999514 0 P 0
L 8.29999102 61.9500158 8.89998982 61.95001326 0 P 0
L 8.30002658 57.0000003 8.90002538 57.0000003 0 P 0
L 8.30002658 58.0999981 8.90002538 58.0999981 0 P 0
L 8.37497182 52.9249894 8.37497182 53.3749758 0 P 0
L 8.37497182 52.9249894 8.82500902 52.9249894 0 P 0
L 8.37497182 53.3749758 8.82500902 53.3749758 0 P 0
L 8.37497182 54.0250126 8.37497182 54.474999 0 P 0
L 8.37497182 54.0250126 8.82500902 54.0250126 0 P 0
L 8.37497182 54.474999 8.82500902 54.474999 0 P 0
L 8.37497182 55.124985 8.37497436 55.5750222 0 P 0
L 8.37497182 55.124985 8.82500902 55.124985 0 P 0
L 8.37497182 59.5249762 8.37497182 59.97501086 0 P 0
L 8.37497182 59.5249762 8.82500902 59.52497366 0 P 0
L 8.37497182 59.97501086 8.82500902 59.9750134 0 P 0
L 8.37497182 60.6249994 8.37497182 61.0749858 0 P 0
L 8.37497182 60.6249994 8.82500902 60.6249994 0 P 0
L 8.37497182 61.0749858 8.82500902 61.0749858 0 P 0
L 8.37497182 61.7249718 8.37497182 62.175009 0 P 0
L 8.37497182 61.7249718 8.82500902 61.7249718 0 P 0
L 8.37497182 62.175009 8.82500902 62.175009 0 P 0
L 8.37497436 55.5750222 8.82500902 55.5750222 0 P 0
L 8.37500484 56.7750071 8.37500738 57.2250443 0 P 0
L 8.37500484 56.7750071 8.82499124 56.7750071 0 P 0
L 8.37500738 57.2250443 8.82499378 57.2250443 0 P 0
L 8.37500738 57.8750049 8.37500738 58.32503956 0 P 0
L 8.37500738 57.8750049 8.82499378 57.8750049 0 P 0
L 8.37500738 58.32503956 8.82499378 58.32503956 0 P 0
L 8.50000078 12.25000344 8.50000078 20.75000168 1 P 0
L 8.50000078 12.25000344 21.50000018 12.25000344 1 P 0
L 8.50000078 20.75000168 21.50000018 20.75000168 1 P 0
L 8.60000058 56.7000263 8.60000058 57.3000251 0 P 0
L 8.60000058 57.8000241 8.60000058 58.4000229 0 P 0
L 8.60001582 52.8500086 8.60001582 53.45000486 0 P 0
L 8.60001582 53.949981 8.60001582 54.5499798 0 P 0
L 8.60001582 55.0500042 8.60001582 55.650003 0 P 0
L 8.60001582 59.4499954 8.60001582 60.0499942 0 P 0
L 8.60001582 60.5500186 8.60001582 61.1500174 0 P 0
L 8.60001582 61.649991 8.60001582 62.2499898 0 P 0
L 8.82499124 56.7750071 8.82499378 57.2250443 0 P 0
L 8.82499378 57.8750049 8.82499378 58.32503956 0 P 0
L 8.82500902 52.9249894 8.82500902 53.3749758 0 P 0
L 8.82500902 54.0250126 8.82500902 54.474999 0 P 0
L 8.82500902 55.124985 8.82500902 55.5750222 0 P 0
L 8.82500902 59.52497366 8.82500902 59.9750134 0 P 0
L 8.82500902 60.6249994 8.82500902 61.0749858 0 P 0
L 8.82500902 61.7249718 8.82500902 62.175009 0 P 0
L 9.3999812 54.25000326 9.99997492 54.25000326 0 P 0
L 9.40001422 55.3499782 10.00001302 55.3499782 0 P 0
L 9.40001422 59.7500202 10.00001302 59.7500202 0 P 0
L 9.40001422 60.84999514 10.00001048 60.84999514 0 P 0
L 9.40001422 61.95001326 10.00001302 61.9500158 0 P 0
L 9.40001676 53.15000292 10.00001556 53.15000546 0 P 0
L 9.40002692 58.0999981 10.00002572 58.0999981 0 P 0
L 9.40002946 57.0000003 10.00002572 57.0000003 0 P 0
L 9.47499502 55.124985 9.47499502 55.5750222 0 P 0
L 9.47499502 55.124985 9.92498142 55.124985 0 P 0
L 9.47499502 55.5750222 9.92497888 55.5750222 0 P 0
L 9.47499502 59.5249762 9.47499502 59.9750134 0 P 0
L 9.47499502 59.5249762 9.92498142 59.5249762 0 P 0
L 9.47499502 59.9750134 9.92497888 59.9750134 0 P 0
L 9.47499502 60.6249994 9.47499502 61.0749858 0 P 0
L 9.47499502 60.6249994 9.92498142 60.6249994 0 P 0
L 9.47499502 61.0749858 9.92498142 61.0749858 0 P 0
L 9.47499502 61.7249718 9.47499502 62.175009 0 P 0
L 9.47499502 61.7249718 9.92498142 61.7249718 0 P 0
L 9.47499502 62.175009 9.92498142 62.175009 0 P 0
L 9.47499756 52.92500972 9.47499756 53.37499612 0 P 0
L 9.47499756 52.92500972 9.92498396 52.92500972 0 P 0
L 9.47499756 53.37499612 9.92498396 53.37499612 0 P 0
L 9.47500772 56.7750071 9.47500772 57.2250443 0 P 0
L 9.47500772 56.7750071 9.92499412 56.7750071 0 P 0
L 9.47500772 57.2250443 9.92499412 57.2250443 0 P 0
L 9.47500772 57.8750049 9.47500772 58.3250421 0 P 0
L 9.47500772 57.8750049 9.92499412 57.8750049 0 P 0
L 9.47500772 58.3250421 9.92499412 58.3250421 0 P 0
L 9.47501026 54.02501006 9.47501026 54.47499646 0 P 0
L 9.47501026 54.02501006 9.92499666 54.02501006 0 P 0
L 9.47501026 54.47499646 9.92499666 54.47499646 0 P 0
L 9.69998822 55.0500042 9.69998822 55.650003 0 P 0
L 9.69998822 59.4499954 9.69998822 60.0499942 0 P 0
L 9.69998822 60.5500186 9.69998822 61.1500174 0 P 0
L 9.69998822 61.649991 9.69998822 62.2499898 0 P 0
L 9.69999076 52.84998066 9.69999076 53.44997692 0 P 0
L 9.69999838 57.3000251 9.70000092 56.7000263 0 P 0
L 9.69999838 57.8000241 9.70000092 58.4000229 0 P 0
L 9.70000346 54.54997726 9.700006 53.94997846 0 P 0
L 9.92497888 55.5750222 9.92498142 55.124985 0 P 0
L 9.92497888 59.9750134 9.92498142 59.5249762 0 P 0
L 9.92498142 60.6249994 9.92498142 61.0749858 0 P 0
L 9.92498142 61.7249718 9.92498142 62.175009 0 P 0
L 9.92498396 52.92500972 9.92498396 53.37499612 0 P 0
L 9.92499412 56.7750071 9.92499412 57.2250443 0 P 0
L 9.92499412 57.8750049 9.92499412 58.3250421 0 P 0
L 9.92499666 54.02501006 9.92499666 54.47499646 0 P 0
L 10.49998662 53.1499826 11.09998542 53.1499826 0 P 0
L 10.49998662 55.3499782 11.09998542 55.3499782 0 P 0
L 10.49998662 59.7500202 11.09998542 59.75001766 0 P 0
L 10.49998662 60.8499926 11.09998542 60.8499926 0 P 0
L 10.49998662 61.9500158 11.09998542 61.9500158 0 P 0
L 10.5000298 54.2499804 11.1000286 54.24998294 0 P 0
L 10.5750106 54.0249872 10.5750106 54.4749736 0 P 0
L 10.5750106 54.0249872 11.024997 54.0249872 0 P 0
L 10.5750106 54.4749736 11.024997 54.4749736 0 P 0
L 10.57501822 52.9249894 10.57502076 53.3749758 0 P 0
L 10.57501822 52.9249894 11.02500462 52.9249894 0 P 0
L 10.57501822 55.124985 10.57501822 55.5750222 0 P 0
L 10.57501822 55.124985 11.02500462 55.124985 0 P 0
L 10.57501822 55.5750222 11.02500462 55.5750222 0 P 0
L 10.57501822 59.5249762 10.57501822 59.9750134 0 P 0
L 10.57501822 59.5249762 11.02500462 59.5249762 0 P 0
L 10.57501822 59.9750134 11.02500462 59.9750134 0 P 0
L 10.57501822 61.07498834 10.57502076 60.6249994 0 P 0
L 10.57501822 61.07498834 11.02500462 61.0749858 0 P 0
L 10.57502076 53.3749758 11.02500462 53.3749758 0 P 0
L 10.57502076 60.6249994 11.02500462 60.6249994 0 P 0
L 10.57502076 61.7249718 10.57502076 62.175009 0 P 0
L 10.57502076 61.7249718 11.02500462 61.7249718 0 P 0
L 10.57502076 62.175009 11.02500462 62.175009 0 P 0
L 10.8000038 53.9500064 10.8000038 54.55000774 0 P 0
L 10.80001142 52.8500086 10.80001142 53.4500074 0 P 0
L 10.80001142 55.0500042 10.80001142 55.65000046 0 P 0
L 10.80001142 59.4499954 10.80001142 60.0499942 0 P 0
L 10.80001142 60.55001606 10.80001142 61.1500174 0 P 0
L 10.80001142 61.649991 10.80001142 62.2499898 0 P 0
L 11.024997 54.0249872 11.024997 54.4749736 0 P 0
L 11.02500462 52.9249894 11.02500462 53.3749758 0 P 0
L 11.02500462 55.124985 11.02500462 55.5750222 0 P 0
L 11.02500462 59.5249762 11.02500462 59.9750134 0 P 0
L 11.02500462 60.6249994 11.02500462 61.0749858 0 P 0
L 11.02500462 61.7249718 11.02500462 62.175009 0 P 0
L 11.59999966 57.15 11.59999966 59.65000008 0 P 0
L 11.59999966 57.15 14.39999914 57.15 0 P 0
L 11.59999966 59.65000008 14.39999914 59.65000008 0 P 0
L 11.60000982 53.1499826 12.20000862 53.1499826 0 P 0
L 11.60000982 54.2500058 12.20000862 54.2500058 0 P 0
L 11.60000982 56.4500014 12.20000862 56.4500014 0 P 0
L 11.60000982 57.5499738 12.20000862 57.5499738 0 P 0
L 11.60000982 58.64999954 12.20000862 58.64999954 0 P 0
L 11.60000982 60.8499926 12.20000862 60.8499926 0 P 0
L 11.60000982 61.9500158 12.20000862 61.9500158 0 P 0
L 11.67498808 56.22501074 11.67498808 56.6749946 0 P 0
L 11.67498808 56.22501074 12.12497448 56.22501074 0 P 0
L 11.67498808 56.6749946 12.12497448 56.6749946 0 P 0
L 11.67498808 60.62500194 11.67498808 61.07498834 0 P 0
L 11.67498808 60.62500194 12.12497702 60.6249994 0 P 0
L 11.67498808 61.07498834 12.12497448 61.07498834 0 P 0
L 11.67499062 52.9249894 11.67499062 53.3749758 0 P 0
L 11.67499062 52.9249894 12.12497702 52.9249894 0 P 0
L 11.67499062 53.3749758 12.12497702 53.3749758 0 P 0
L 11.67499062 54.0250126 11.67499062 54.474999 0 P 0
L 11.67499062 54.0250126 12.12497702 54.0250126 0 P 0
L 11.67499062 54.474999 12.12497702 54.474999 0 P 0
L 11.67499062 57.3249806 11.67499062 57.7750178 0 P 0
L 11.67499062 57.3249806 12.12497702 57.3249806 0 P 0
L 11.67499062 57.7750178 12.12497702 57.7750178 0 P 0
L 11.67499062 58.4250038 11.67499062 58.8749902 0 P 0
L 11.67499062 58.4250038 12.12497702 58.4250038 0 P 0
L 11.67499062 58.8749902 12.12497702 58.8749902 0 P 0
L 11.67499062 61.7249718 11.67499062 62.175009 0 P 0
L 11.67499062 61.7249718 12.12497702 61.7249718 0 P 0
L 11.67499062 62.175009 12.12497702 62.175009 0 P 0
L 11.89998128 58.3499722 11.89998382 58.949971 0 P 0
L 11.89998128 62.2499898 11.89998382 61.649991 0 P 0
L 11.89998382 52.8500086 11.89998382 53.4500074 0 P 0
L 11.89998382 53.949981 11.89998382 54.5499798 0 P 0
L 11.89998382 56.1499766 11.89998382 56.7499754 0 P 0
L 11.89998382 57.2499998 11.89998382 57.8499986 0 P 0
L 11.89998382 60.5500186 11.89998382 61.1500174 0 P 0
L 12.12497448 56.22501074 12.12497448 56.6749946 0 P 0
L 12.12497448 61.07498834 12.12497702 60.6249994 0 P 0
L 12.12497702 52.9249894 12.12497702 53.3749758 0 P 0
L 12.12497702 54.0250126 12.12497702 54.474999 0 P 0
L 12.12497702 57.3249806 12.12497702 57.7750178 0 P 0
L 12.12497702 58.4250038 12.12497702 58.8749902 0 P 0
L 12.12497702 61.7249718 12.12497702 62.175009 0 P 0
L 12.5500003 54.36499668 12.5500003 55.88499872 3 P 0
L 12.5500003 54.36499668 13.3499987 54.36499668 3 P 0
L 12.5500003 55.88499872 13.3499987 55.88499872 3 P 0
L 12.65000264 55.1249977 13.24999636 55.1249977 4 P 0
L 12.69998222 53.1499826 13.29998102 53.14998006 0 P 0
L 12.69998222 54.2500058 13.29998102 54.2500058 0 P 0
L 12.69998222 55.3499782 13.29998102 55.3499782 0 P 0
L 12.69998222 56.45000394 13.29998102 56.45000394 0 P 0
L 12.69998222 57.54997126 13.29998102 57.5499738 0 P 0
L 12.69998222 58.649997 13.29998102 58.649997 0 P 0
L 12.69998222 59.7500202 13.29998102 59.7500202 0 P 0
L 12.69998222 60.8499926 13.29997848 60.8499926 0 P 0
L 12.69998222 61.9500158 13.29998102 61.95001326 0 P 0
L 12.77501382 52.9249894 12.77501382 53.3749758 0 P 0
L 12.77501382 52.9249894 13.22500022 52.9249894 0 P 0
L 12.77501382 53.3749758 13.22500022 53.3749758 0 P 0
L 12.77501382 54.0250126 12.77501382 54.474999 0 P 0
L 12.77501382 54.0250126 13.22500022 54.0250126 0 P 0
L 12.77501382 54.474999 13.22500022 54.474999 0 P 0
L 12.77501382 55.124985 12.77501636 55.5750222 0 P 0
L 12.77501382 55.124985 13.22500022 55.124985 0 P 0
L 12.77501382 56.2250082 12.77501382 56.6749946 0 P 0
L 12.77501382 56.2250082 13.22500022 56.2250082 0 P 0
L 12.77501382 56.6749946 13.22500022 56.6749946 0 P 0
L 12.77501382 57.3249806 12.77501382 57.7750178 0 P 0
L 12.77501382 57.3249806 13.22500022 57.3249806 0 P 0
L 12.77501382 57.7750178 13.22500022 57.7750178 0 P 0
L 12.77501382 58.42500634 12.77501382 58.87499274 0 P 0
L 12.77501382 58.42500634 13.22500022 58.42500634 0 P 0
L 12.77501382 58.87499274 13.22500022 58.87499274 0 P 0
L 12.77501382 59.5249762 12.77501636 59.9750134 0 P 0
L 12.77501382 59.5249762 13.22500276 59.52497366 0 P 0
L 12.77501382 60.6249994 12.77501382 61.0749858 0 P 0
L 12.77501382 60.6249994 13.22500022 60.6249994 0 P 0
L 12.77501382 61.0749858 13.22500022 61.0749858 0 P 0
L 12.77501382 61.7249718 12.77501382 62.175009 0 P 0
L 12.77501382 61.7249718 13.22500022 61.7249718 0 P 0
L 12.77501382 62.175009 13.22500022 62.175009 0 P 0
L 12.77501636 55.5750222 13.22500276 55.5750222 0 P 0
L 12.77501636 59.9750134 13.22500276 59.9750134 0 P 0
L 12.7999998 58.40000004 13.199999 58.40000004 0 P 0
L 12.9499995 54.82499576 12.9499995 55.42499456 4 P 0
L 12.9999994 58.20000044 12.9999994 58.59999964 0 P 0
L 13.00000702 52.85001114 13.00000702 53.4500074 0 P 0
L 13.00000702 54.5499798 13.00000956 53.949981 0 P 0
L 13.00000702 55.0500042 13.00000702 55.650003 0 P 0
L 13.00000702 56.1499766 13.00000956 56.7499754 0 P 0
L 13.00000702 58.3499722 13.00000702 58.949971 0 P 0
L 13.00000702 59.4499954 13.00000702 60.0499942 0 P 0
L 13.00000702 60.5500186 13.00000956 61.1500174 0 P 0
L 13.00000702 62.2499898 13.00000956 61.649991 0 P 0
L 13.00000956 57.2499998 13.00000956 57.84999606 0 P 0
L 13.22500022 52.9249894 13.22500022 53.3749758 0 P 0
L 13.22500022 54.0250126 13.22500022 54.474999 0 P 0
L 13.22500022 55.124985 13.22500276 55.5750222 0 P 0
L 13.22500022 56.2250082 13.22500022 56.6749946 0 P 0
L 13.22500022 57.3249806 13.22500022 57.7750178 0 P 0
L 13.22500022 58.42500634 13.22500022 58.87499274 0 P 0
L 13.22500022 60.6249994 13.22500022 61.0749858 0 P 0
L 13.22500022 61.7249718 13.22500022 62.175009 0 P 0
L 13.22500276 59.52497366 13.22500276 59.9750134 0 P 0
L 13.3499987 54.36499668 13.3499987 55.88499872 3 P 0
L 13.62499942 54.06499728 13.62499942 55.58499932 3 P 0
L 13.62499942 54.06499728 14.42499782 54.06499728 3 P 0
L 13.62499942 55.58499932 14.42499782 55.58499932 3 P 0
L 13.72499922 54.8249983 14.32499802 54.8249983 4 P 0
L 13.80000542 53.14998006 14.40000422 53.1499826 0 P 0
L 13.80000542 54.2500058 14.40000422 54.2500058 0 P 0
L 13.80000542 55.3499782 14.40000422 55.3499782 0 P 0
L 13.80000542 56.45000394 14.40000422 56.45000394 0 P 0
L 13.80000542 57.5499738 14.40000422 57.5499738 0 P 0
L 13.80000542 58.649997 14.40000422 58.649997 0 P 0
L 13.80000542 59.7500202 14.40000422 59.7500202 0 P 0
L 13.80000542 60.84999514 14.40000422 60.8499926 0 P 0
L 13.80000542 61.95001326 14.40000422 61.9500158 0 P 0
L 13.87498622 52.9249894 13.87498622 53.3749758 0 P 0
L 13.87498622 52.9249894 14.32497262 52.9249894 0 P 0
L 13.87498622 53.3749758 14.32497262 53.3749758 0 P 0
L 13.87498622 54.0250126 13.87498622 54.474999 0 P 0
L 13.87498622 54.0250126 14.32497008 54.0250126 0 P 0
L 13.87498622 54.474999 14.32497008 54.474999 0 P 0
L 13.87498622 55.124985 13.87498622 55.5750222 0 P 0
L 13.87498622 55.124985 14.32497262 55.124985 0 P 0
L 13.87498622 55.5750222 14.32497262 55.5750222 0 P 0
L 13.87498622 56.2250082 13.87498622 56.6749946 0 P 0
L 13.87498622 56.2250082 14.32497262 56.2250082 0 P 0
L 13.87498622 56.6749946 14.32497262 56.6749946 0 P 0
L 13.87498622 57.3249806 13.87498622 57.7750178 0 P 0
L 13.87498622 57.3249806 14.32497262 57.3249806 0 P 0
L 13.87498622 57.7750178 14.32497262 57.7750178 0 P 0
L 13.87498622 58.42500634 13.87498622 58.87499274 0 P 0
L 13.87498622 58.42500634 14.32497008 58.42500634 0 P 0
L 13.87498622 58.87499274 14.32497008 58.87499274 0 P 0
L 13.87498622 59.52497366 13.87498622 59.9750134 0 P 0
L 13.87498622 59.52497366 14.32497262 59.5249762 0 P 0
L 13.87498622 59.9750134 14.32497262 59.9750134 0 P 0
L 13.87498622 60.6249994 13.87498622 61.0749858 0 P 0
L 13.87498622 60.6249994 14.32497262 60.6249994 0 P 0
L 13.87498622 61.0749858 14.32497262 61.0749858 0 P 0
L 13.87498622 61.7249718 13.87498622 62.175009 0 P 0
L 13.87498622 61.7249718 14.32497262 61.7249718 0 P 0
L 13.87498622 62.175009 14.32497262 62.175009 0 P 0
L 14.02499862 54.52499636 14.02499862 55.1249977 4 P 0
L 14.09997942 52.85001114 14.09997942 53.4500074 0 P 0
L 14.09997942 53.949981 14.09997942 54.5499798 0 P 0
L 14.09997942 55.0500042 14.09997942 55.650003 0 P 0
L 14.09997942 56.1499766 14.09997942 56.7499754 0 P 0
L 14.09997942 57.2499998 14.09997942 57.8499986 0 P 0
L 14.09997942 58.3499722 14.09997942 58.949971 0 P 0
L 14.09997942 59.4499954 14.09997942 60.0499942 0 P 0
L 14.09997942 60.5500186 14.09997942 61.1500174 0 P 0
L 14.09997942 61.649991 14.09997942 62.2499898 0 P 0
L 14.32497008 54.0250126 14.32497008 54.474999 0 P 0
L 14.32497008 58.42500634 14.32497008 58.87499274 0 P 0
L 14.32497262 52.9249894 14.32497262 53.3749758 0 P 0
L 14.32497262 55.124985 14.32497262 55.5750222 0 P 0
L 14.32497262 56.2250082 14.32497262 56.6749946 0 P 0
L 14.32497262 57.3249806 14.32497262 57.7750178 0 P 0
L 14.32497262 59.5249762 14.32497262 59.9750134 0 P 0
L 14.32497262 60.6249994 14.32497262 61.0749858 0 P 0
L 14.32497262 61.7249718 14.32497262 62.175009 0 P 0
L 14.39999914 57.15 14.39999914 59.65000008 0 P 0
L 14.42499782 54.06499728 14.42499782 55.58499932 3 P 0
L 14.70000362 16.50000256 15.29999734 16.50000256 0 P 0
L 15.00000048 16.20000062 15.00000048 16.79999942 0 P 0
L 18.0000021 102.99999974 18.0000021 129.50000008 0 P 0
L 18.0000021 102.99999974 52.00000014 102.99999974 0 P 0
L 18.0000021 129.50000008 52.00000014 129.50000008 0 P 0
L 21.00000118 27.50000088 21.00000118 53.49999968 1 P 0
L 21.00000118 27.50000088 46.99999998 27.50000088 1 P 0
L 21.00000118 53.49999968 46.99999998 53.49999968 1 P 0
L 21.50000018 12.25000344 21.50000018 20.75000168 1 P 0
L 23.0950008 3.32500224 23.0950008 7.77000224 0 P 0
L 23.2220008 8.15100224 24.4920008 10.05600224 0 P 0
L 23.7300008 2.69000224 26.2700008 2.69000224 0 P 0
L 24.7460008 6.50000224 25.2540008 6.50000224 2 P 0
L 25.0000008 6.24600224 25.0000008 6.75400224 2 P 0
L 25.5080008 10.05600224 26.7780008 8.15100224 0 P 0
L 26.9050008 3.32500224 26.9050008 7.77000224 0 P 0
L 31.47499674 1.12499648 31.47499928 5.62500018 0 P 0
L 31.47499674 1.12499648 34.9749999 1.12499648 0 P 0
L 31.47499928 5.62500018 34.97499736 5.62500018 0 P 0
L 32.97499882 3.3749996 33.47499782 3.3749996 0 P 0
L 33.12499852 3.37500214 33.32500066 3.37500468 0 P 0
L 33.22499832 3.1250001 33.22499832 3.6249991 0 P 0
L 33.70000118 40.49999774 34.29999998 40.49999774 0 P 0
L 34.00000058 40.19999834 34.00000058 40.79999968 0 P 0
L 34.75000162 118.00000022 35.25000062 118.00000022 0 P 0
L 34.97499736 5.62500018 34.9749999 1.12499648 0 P 0
L 35.00000112 117.75000072 35.00000112 118.24999972 0 P 0
L 35.00000112 117.90000042 35.00000112 118.10000002 0 P 0
L 44.3000003 0 44.3000003 2.50000008 0 P 0
L 44.3000003 0 48.70000166 0 0 P 0
L 44.3000003 2.50000008 48.70000166 2.50000008 0 P 0
L 46.00000198 1.49999954 46.99999998 1.49999954 0 P 0
L 46.50000098 1.00000054 46.50000098 1.99999854 0 P 0
L 46.50000098 12.2500009 46.50000098 20.74999914 1 P 0
L 46.50000098 12.2500009 59.50000038 12.2500009 1 P 0
L 46.50000098 20.74999914 59.50000038 20.74999914 1 P 0
L 46.99999998 27.50000088 46.99999998 53.49999968 1 P 0
L 48.70000166 0 48.70000166 2.50000008 0 P 0
L 49.20000066 0.60000134 49.20000066 3.37500214 0 P 0
L 49.20000066 0.60000134 53.80000162 0.60000134 0 P 0
L 49.20000066 3.37500214 53.80000162 3.37500214 0 P 0
L 51.00000214 2.00000108 52.00000014 2.00000108 0 P 0
L 51.00999958 72.525001 51.00999958 73.57500144 0 P 0
L 51.00999958 72.525001 51.54000106 72.525001 0 P 0
L 51.00999958 73.57500144 51.54000106 73.57500144 0 P 0
L 51.11000192 73.05000122 51.43999872 73.05000122 0 P 0
L 51.27500032 72.88500282 51.27500032 73.21499962 0 P 0
L 51.50000114 1.50000208 51.50000114 2.50000008 0 P 0
L 51.54000106 72.525001 51.54000106 73.57500144 0 P 0
L 51.55999848 72.525001 51.55999848 73.57500144 3 P 0
L 51.55999848 72.525001 52.08999996 72.525001 3 P 0
L 51.55999848 73.57500144 52.08999996 73.57500144 3 P 0
L 51.66000082 73.05000122 51.98999762 73.05000122 3 P 0
L 51.82499922 72.88500282 51.82499922 73.21499962 3 P 0
L 52.00000014 102.99999974 52.00000014 129.50000008 0 P 0
L 52.08999996 72.525001 52.08999996 73.57500144 3 P 0
L 52.70000382 16.50000002 53.29999754 16.50000002 0 P 0
L 53.00000068 16.19999808 53.00000068 16.79999688 0 P 0
L 53.50139922 57.40779984 53.50139922 59.59219984 0 P 0
L 53.50139922 57.40779984 56.49859922 57.40779984 0 P 0
L 53.50139922 59.59219984 56.49859922 59.59219984 0 P 0
L 53.80000162 0.60000134 53.80000162 3.37500214 0 P 0
L 54.64999992 58.49999984 55.34999852 58.49999984 0 P 0
L 54.99999922 58.15000054 54.99999922 58.84999914 0 P 0
L 56.49859922 57.40779984 56.49859922 59.59219984 0 P 0
L 58.40000004 53.00000322 58.40000004 62.9000012 1 P 0
L 58.40000004 53.00000322 67.19999768 53.00000322 1 P 0
L 58.40000004 62.9000012 67.19999768 62.9000012 1 P 0
L 59.50000038 12.2500009 59.50000038 20.74999914 1 P 0
L 59.86320768 51.9305667 59.86320768 53.1305643 0 P 0
L 59.86320768 51.9305667 62.26320796 51.9305667 0 P 0
L 59.86320768 53.1305643 62.26320796 53.1305643 0 P 0
L 60.58820496 52.5305655 61.53821068 52.5305655 0 P 0
L 61.06320782 52.05556264 61.06320782 53.00556836 0 P 0
L 61.11321026 50.68056412 61.11321026 53.0805644 0 P 0
L 61.11321026 50.68056412 62.31320786 50.68056412 0 P 0
L 61.11321026 53.0805644 62.31320786 53.0805644 0 P 0
L 61.2382062 51.88056426 62.18821192 51.88056426 0 P 0
L 61.71320906 51.4055614 61.71320906 52.35556712 0 P 0
L 62.26320796 51.9305667 62.26320796 53.1305643 0 P 0
L 62.31320786 50.68056412 62.31320786 53.0805644 0 P 0
L 62.500002 58.60000218 63.09999572 58.60000218 0 P 0
L 62.79999886 58.30000532 62.79999886 58.90000412 0 P 0
L 63.54117594 50.72174514 63.54117594 53.12174542 0 P 0
L 63.54117594 50.72174514 64.74117354 50.72174514 0 P 0
L 63.54117594 53.12174542 64.74117354 53.12174542 0 P 0
L 63.5999998 51.96761768 63.5999998 53.16761528 0 P 0
L 63.5999998 51.96761768 66.00000008 51.96761768 0 P 0
L 63.5999998 53.16761528 66.00000008 53.16761528 0 P 0
L 63.66617188 51.92174528 64.6161776 51.92174528 0 P 0
L 63.6999996 19.50000164 64.30000094 19.50000164 0 P 0
L 63.6999996 78.50000048 64.30000094 78.50000048 0 P 0
L 63.999999 19.20000224 63.999999 19.80000104 0 P 0
L 63.999999 78.20000108 63.999999 78.79999988 0 P 0
L 64.14117474 51.44674242 64.14117474 52.39674814 0 P 0
L 64.32499708 52.56761648 65.2750028 52.56761648 0 P 0
L 64.74117354 50.72174514 64.74117354 53.12174542 0 P 0
L 64.79999994 52.09261362 64.79999994 53.04261934 0 P 0
L 66.00000008 51.96761768 66.00000008 53.16761528 0 P 0
L 67.19999768 53.00000322 67.19999768 62.9000012 1 P 0
L 204.5134086 39.58529802 204.5134086 41.99829802 5 P 0
L 204.5134086 39.58529802 227.8814086 39.58529802 5 P 0
L 204.5134086 41.99829802 227.8814086 41.99829802 5 P 0
L 211.11740352 40.65807464 211.16577528 40.51296444 2 P 0 ;0,1=0,2=0.000000
L 211.11740352 40.89992836 211.11740352 40.65807464 2 P 0 ;0,1=0,2=0.000000
L 211.16577528 40.51296444 211.2141445 40.41622346 2 P 0 ;0,1=0,2=0.000000
L 211.16577528 41.0450411 211.11740352 40.89992836 2 P 0 ;0,1=0,2=0.000000
L 211.2141445 40.41622346 211.31088548 40.31948248 2 P 0 ;0,1=0,2=0.000000
L 211.2141445 41.14178208 211.16577528 41.0450411 2 P 0 ;0,1=0,2=0.000000
L 211.31088548 40.31948248 211.40762646 40.27111072 2 P 0 ;0,1=0,2=0.000000
L 211.31088548 41.23852306 211.2141445 41.14178208 2 P 0 ;0,1=0,2=0.000000
L 211.40762646 40.27111072 211.60110842 40.27111072 2 P 0 ;0,1=0,2=0.000000
L 211.40762646 41.28689228 211.31088548 41.23852306 2 P 0 ;0,1=0,2=0.000000
L 211.60110842 40.27111072 211.6978494 40.31948248 2 P 0 ;0,1=0,2=0.000000
L 211.60110842 41.28689228 211.40762646 41.28689228 2 P 0 ;0,1=0,2=0.000000
L 211.6978494 40.31948248 211.79459292 40.41622346 2 P 0 ;0,1=0,2=0.000000
L 211.6978494 41.23852306 211.60110842 41.28689228 2 P 0 ;0,1=0,2=0.000000
L 211.79459292 40.41622346 211.84296214 40.51296444 2 P 0 ;0,1=0,2=0.000000
L 211.79459292 41.14178208 211.6978494 41.23852306 2 P 0 ;0,1=0,2=0.000000
L 211.84296214 41.0450411 211.79459292 41.14178208 2 P 0 ;0,1=0,2=0.000000
L 212.12834892 40.56133366 212.17672068 40.41622346 2 P 0 ;0,1=0,2=0.000000
L 212.12834892 40.65807464 212.12834892 40.56133366 2 P 0 ;0,1=0,2=0.000000
L 212.17672068 40.41622346 212.27346166 40.31948248 2 P 0 ;0,1=0,2=0.000000
L 212.17672068 40.80318738 212.12834892 40.65807464 2 P 0 ;0,1=0,2=0.000000
L 212.27346166 40.31948248 212.37020264 40.27111072 2 P 0 ;0,1=0,2=0.000000
L 212.27346166 40.89992836 212.17672068 40.80318738 2 P 0 ;0,1=0,2=0.000000
L 212.37020264 40.27111072 212.51531284 40.27111072 2 P 0 ;0,1=0,2=0.000000
L 212.37020264 40.94830012 212.27346166 40.89992836 2 P 0 ;0,1=0,2=0.000000
L 212.51531284 40.27111072 212.61205382 40.31948248 2 P 0 ;0,1=0,2=0.000000
L 212.51531284 40.94830012 212.37020264 40.94830012 2 P 0 ;0,1=0,2=0.000000
L 212.61205382 40.31948248 212.7087948 40.41622346 2 P 0 ;0,1=0,2=0.000000
L 212.61205382 40.89992836 212.51531284 40.94830012 2 P 0 ;0,1=0,2=0.000000
L 212.7087948 40.41622346 212.75716656 40.56133366 2 P 0 ;0,1=0,2=0.000000
L 212.7087948 40.80318738 212.61205382 40.89992836 2 P 0 ;0,1=0,2=0.000000
L 212.75716656 40.56133366 212.75716656 40.65807464 2 P 0 ;0,1=0,2=0.000000
L 212.75716656 40.65807464 212.7087948 40.80318738 2 P 0 ;0,1=0,2=0.000000
L 212.97967056 40.46459268 213.02804232 40.31948248 2 P 0 ;0,1=0,2=0.000000
L 212.97967056 40.94830012 212.97967056 40.46459268 2 P 0 ;0,1=0,2=0.000000
L 213.02804232 40.31948248 213.1247833 40.27111072 2 P 0 ;0,1=0,2=0.000000
L 213.1247833 40.27111072 213.2698935 40.27111072 2 P 0 ;0,1=0,2=0.000000
L 213.2698935 40.27111072 213.36663448 40.31948248 2 P 0 ;0,1=0,2=0.000000
L 213.36663448 40.31948248 213.51174722 40.46459268 2 P 0 ;0,1=0,2=0.000000
L 213.51174722 40.94830012 213.51174722 40.27111072 2 P 0 ;0,1=0,2=0.000000
L 213.77778428 40.94830012 214.11637898 40.94830012 2 P 0 ;0,1=0,2=0.000000
L 213.92289702 40.46459268 213.97126624 40.31948248 2 P 0 ;0,1=0,2=0.000000
L 213.92289702 41.28689228 213.92289702 40.46459268 2 P 0 ;0,1=0,2=0.000000
L 213.97126624 40.31948248 214.06800722 40.27111072 2 P 0 ;0,1=0,2=0.000000
L 214.06800722 40.27111072 214.1647482 40.27111072 2 P 0 ;0,1=0,2=0.000000
L 214.30986094 40.65807464 214.3582327 40.80318738 2 P 0 ;0,1=0,2=0.000000
L 214.30986094 40.94830012 214.30986094 40.27111072 2 P 0 ;0,1=0,2=0.000000
L 214.3582327 40.80318738 214.45497368 40.89992836 2 P 0 ;0,1=0,2=0.000000
L 214.45497368 40.89992836 214.55171466 40.94830012 2 P 0 ;0,1=0,2=0.000000
L 214.55171466 40.94830012 214.69682486 40.94830012 2 P 0 ;0,1=0,2=0.000000
L 214.83710144 39.93251602 214.78872968 39.93251602 2 P 0 ;0,1=0,2=0.000000
L 214.83710144 40.94830012 215.12732438 40.27111072 2 P 0 ;0,1=0,2=0.000000
L 214.93384242 39.98088778 214.83710144 39.93251602 2 P 0 ;0,1=0,2=0.000000
L 215.0305834 40.07762876 214.93384242 39.98088778 2 P 0 ;0,1=0,2=0.000000
L 215.12732438 40.27111072 215.0305834 40.07762876 2 P 0 ;0,1=0,2=0.000000
L 215.41754732 40.94830012 215.12732438 40.27111072 2 P 0 ;0,1=0,2=0.000000
L 215.5868434 40.56133366 215.63521516 40.41622346 2 P 0 ;0,1=0,2=0.000000
L 215.5868434 40.65807464 215.5868434 40.56133366 2 P 0 ;0,1=0,2=0.000000
L 215.63521516 40.41622346 215.73195614 40.31948248 2 P 0 ;0,1=0,2=0.000000
L 215.63521516 40.80318738 215.5868434 40.65807464 2 P 0 ;0,1=0,2=0.000000
L 215.73195614 40.31948248 215.82869712 40.27111072 2 P 0 ;0,1=0,2=0.000000
L 215.73195614 40.89992836 215.63521516 40.80318738 2 P 0 ;0,1=0,2=0.000000
L 215.82869712 40.27111072 215.97380732 40.27111072 2 P 0 ;0,1=0,2=0.000000
L 215.82869712 40.94830012 215.73195614 40.89992836 2 P 0 ;0,1=0,2=0.000000
L 215.97380732 40.27111072 216.0705483 40.31948248 2 P 0 ;0,1=0,2=0.000000
L 215.97380732 40.94830012 215.82869712 40.94830012 2 P 0 ;0,1=0,2=0.000000
L 216.0705483 40.31948248 216.16728928 40.41622346 2 P 0 ;0,1=0,2=0.000000
L 216.0705483 40.89992836 215.97380732 40.94830012 2 P 0 ;0,1=0,2=0.000000
L 216.16728928 40.80318738 216.0705483 40.89992836 2 P 0 ;0,1=0,2=0.000000
L 216.16728928 40.94830012 216.16728928 40.27111072 2 P 0 ;0,1=0,2=0.000000
L 216.43816504 40.65807464 216.4865368 40.80318738 2 P 0 ;0,1=0,2=0.000000
L 216.43816504 40.94830012 216.43816504 40.27111072 2 P 0 ;0,1=0,2=0.000000
L 216.4865368 40.80318738 216.58327778 40.89992836 2 P 0 ;0,1=0,2=0.000000
L 216.58327778 40.89992836 216.68001876 40.94830012 2 P 0 ;0,1=0,2=0.000000
L 216.68001876 40.94830012 216.82512896 40.94830012 2 P 0 ;0,1=0,2=0.000000
L 216.91703378 40.56133366 216.96540554 40.41622346 2 P 0 ;0,1=0,2=0.000000
L 216.91703378 40.65807464 216.91703378 40.56133366 2 P 0 ;0,1=0,2=0.000000
L 216.96540554 40.41622346 217.06214652 40.31948248 2 P 0 ;0,1=0,2=0.000000
L 216.96540554 40.80318738 216.91703378 40.65807464 2 P 0 ;0,1=0,2=0.000000
L 217.06214652 40.31948248 217.1588875 40.27111072 2 P 0 ;0,1=0,2=0.000000
L 217.06214652 40.89992836 216.96540554 40.80318738 2 P 0 ;0,1=0,2=0.000000
L 217.1588875 40.27111072 217.3039977 40.27111072 2 P 0 ;0,1=0,2=0.000000
L 217.1588875 40.94830012 217.06214652 40.89992836 2 P 0 ;0,1=0,2=0.000000
L 217.3039977 40.27111072 217.40073868 40.31948248 2 P 0 ;0,1=0,2=0.000000
L 217.3039977 40.94830012 217.1588875 40.94830012 2 P 0 ;0,1=0,2=0.000000
L 217.40073868 40.31948248 217.49747966 40.41622346 2 P 0 ;0,1=0,2=0.000000
L 217.40073868 40.89992836 217.3039977 40.94830012 2 P 0 ;0,1=0,2=0.000000
L 217.49747966 40.80318738 217.40073868 40.89992836 2 P 0 ;0,1=0,2=0.000000
L 217.49747966 41.28689228 217.49747966 40.27111072 2 P 0 ;0,1=0,2=0.000000
L 218.56646914 40.80318738 219.00180482 40.80318738 2 P 0 ;0,1=0,2=0.000000
L 218.56646914 41.28689228 218.56646914 40.27111072 2 P 0 ;0,1=0,2=0.000000
L 218.56646914 41.28689228 219.00180482 41.28689228 2 P 0 ;0,1=0,2=0.000000
L 219.00180482 40.27111072 218.56646914 40.27111072 2 P 0 ;0,1=0,2=0.000000
L 219.00180482 40.80318738 219.14691502 40.75481562 2 P 0 ;0,1=0,2=0.000000
L 219.00180482 41.28689228 219.14691502 41.23852306 2 P 0 ;0,1=0,2=0.000000
L 219.14691502 40.31948248 219.00180482 40.27111072 2 P 0 ;0,1=0,2=0.000000
L 219.14691502 40.75481562 219.19528678 40.7064464 2 P 0 ;0,1=0,2=0.000000
L 219.14691502 40.8515566 219.00180482 40.80318738 2 P 0 ;0,1=0,2=0.000000
L 219.14691502 41.23852306 219.19528678 41.1901513 2 P 0 ;0,1=0,2=0.000000
L 219.19528678 40.3678517 219.14691502 40.31948248 2 P 0 ;0,1=0,2=0.000000
L 219.19528678 40.7064464 219.24365854 40.60970542 2 P 0 ;0,1=0,2=0.000000
L 219.19528678 40.89992836 219.14691502 40.8515566 2 P 0 ;0,1=0,2=0.000000
L 219.19528678 41.1901513 219.24365854 41.09341032 2 P 0 ;0,1=0,2=0.000000
L 219.24365854 40.46459268 219.19528678 40.3678517 2 P 0 ;0,1=0,2=0.000000
L 219.24365854 40.60970542 219.24365854 40.46459268 2 P 0 ;0,1=0,2=0.000000
L 219.24365854 40.99666934 219.19528678 40.89992836 2 P 0 ;0,1=0,2=0.000000
L 219.24365854 41.09341032 219.24365854 40.99666934 2 P 0 ;0,1=0,2=0.000000
L 219.4709987 40.56133366 219.51937046 40.41622346 2 P 0 ;0,1=0,2=0.000000
L 219.4709987 40.65807464 219.4709987 40.56133366 2 P 0 ;0,1=0,2=0.000000
L 219.51937046 40.41622346 219.61611144 40.31948248 2 P 0 ;0,1=0,2=0.000000
L 219.51937046 40.80318738 219.4709987 40.65807464 2 P 0 ;0,1=0,2=0.000000
L 219.61611144 40.31948248 219.71285242 40.27111072 2 P 0 ;0,1=0,2=0.000000
L 219.61611144 40.89992836 219.51937046 40.80318738 2 P 0 ;0,1=0,2=0.000000
L 219.71285242 40.27111072 219.85796262 40.27111072 2 P 0 ;0,1=0,2=0.000000
L 219.71285242 40.94830012 219.61611144 40.89992836 2 P 0 ;0,1=0,2=0.000000
L 219.85796262 40.27111072 219.9547036 40.31948248 2 P 0 ;0,1=0,2=0.000000
L 219.85796262 40.94830012 219.71285242 40.94830012 2 P 0 ;0,1=0,2=0.000000
L 219.9547036 40.31948248 220.05144458 40.41622346 2 P 0 ;0,1=0,2=0.000000
L 219.9547036 40.89992836 219.85796262 40.94830012 2 P 0 ;0,1=0,2=0.000000
L 220.05144458 40.41622346 220.09981634 40.56133366 2 P 0 ;0,1=0,2=0.000000
L 220.05144458 40.80318738 219.9547036 40.89992836 2 P 0 ;0,1=0,2=0.000000
L 220.09981634 40.56133366 220.09981634 40.65807464 2 P 0 ;0,1=0,2=0.000000
L 220.09981634 40.65807464 220.05144458 40.80318738 2 P 0 ;0,1=0,2=0.000000
L 220.32232034 40.94830012 220.66091504 40.94830012 2 P 0 ;0,1=0,2=0.000000
L 220.46743308 40.46459268 220.5158023 40.31948248 2 P 0 ;0,1=0,2=0.000000
L 220.46743308 41.28689228 220.46743308 40.46459268 2 P 0 ;0,1=0,2=0.000000
L 220.5158023 40.31948248 220.61254328 40.27111072 2 P 0 ;0,1=0,2=0.000000
L 220.61254328 40.27111072 220.70928426 40.27111072 2 P 0 ;0,1=0,2=0.000000
L 220.854397 40.94830012 221.1929917 40.94830012 2 P 0 ;0,1=0,2=0.000000
L 220.99950974 40.46459268 221.04787896 40.31948248 2 P 0 ;0,1=0,2=0.000000
L 220.99950974 41.28689228 220.99950974 40.46459268 2 P 0 ;0,1=0,2=0.000000
L 221.04787896 40.31948248 221.14461994 40.27111072 2 P 0 ;0,1=0,2=0.000000
L 221.14461994 40.27111072 221.24136092 40.27111072 2 P 0 ;0,1=0,2=0.000000
L 221.38647366 40.56133366 221.43484542 40.41622346 2 P 0 ;0,1=0,2=0.000000
L 221.38647366 40.65807464 221.38647366 40.56133366 2 P 0 ;0,1=0,2=0.000000
L 221.43484542 40.41622346 221.5315864 40.31948248 2 P 0 ;0,1=0,2=0.000000
L 221.43484542 40.80318738 221.38647366 40.65807464 2 P 0 ;0,1=0,2=0.000000
L 221.5315864 40.31948248 221.62832738 40.27111072 2 P 0 ;0,1=0,2=0.000000
L 221.5315864 40.89992836 221.43484542 40.80318738 2 P 0 ;0,1=0,2=0.000000
L 221.62832738 40.27111072 221.77343758 40.27111072 2 P 0 ;0,1=0,2=0.000000
L 221.62832738 40.94830012 221.5315864 40.89992836 2 P 0 ;0,1=0,2=0.000000
L 221.77343758 40.27111072 221.87017856 40.31948248 2 P 0 ;0,1=0,2=0.000000
L 221.77343758 40.94830012 221.62832738 40.94830012 2 P 0 ;0,1=0,2=0.000000
L 221.87017856 40.31948248 221.96691954 40.41622346 2 P 0 ;0,1=0,2=0.000000
L 221.87017856 40.89992836 221.77343758 40.94830012 2 P 0 ;0,1=0,2=0.000000
L 221.96691954 40.41622346 222.0152913 40.56133366 2 P 0 ;0,1=0,2=0.000000
L 221.96691954 40.80318738 221.87017856 40.89992836 2 P 0 ;0,1=0,2=0.000000
L 222.0152913 40.56133366 222.0152913 40.65807464 2 P 0 ;0,1=0,2=0.000000
L 222.0152913 40.65807464 221.96691954 40.80318738 2 P 0 ;0,1=0,2=0.000000
L 222.2377953 40.75481562 222.38290804 40.89992836 2 P 0 ;0,1=0,2=0.000000
L 222.2377953 40.94830012 222.2377953 40.27111072 2 P 0 ;0,1=0,2=0.000000
L 222.38290804 40.89992836 222.47964902 40.94830012 2 P 0 ;0,1=0,2=0.000000
L 222.47964902 40.94830012 222.62475922 40.94830012 2 P 0 ;0,1=0,2=0.000000
L 222.62475922 40.94830012 222.7215002 40.89992836 2 P 0 ;0,1=0,2=0.000000
L 222.7215002 40.89992836 222.76987196 40.75481562 2 P 0 ;0,1=0,2=0.000000
L 222.76987196 40.75481562 222.76987196 40.27111072 2 P 0 ;0,1=0,2=0.000000
L 222.76987196 40.75481562 222.9149847 40.89992836 2 P 0 ;0,1=0,2=0.000000
L 222.9149847 40.89992836 223.01172568 40.94830012 2 P 0 ;0,1=0,2=0.000000
L 223.01172568 40.94830012 223.15683588 40.94830012 2 P 0 ;0,1=0,2=0.000000
L 223.15683588 40.94830012 223.25357686 40.89992836 2 P 0 ;0,1=0,2=0.000000
L 223.25357686 40.89992836 223.30194862 40.75481562 2 P 0 ;0,1=0,2=0.000000
L 223.30194862 40.75481562 223.30194862 40.27111072 2 P 0 ;0,1=0,2=0.000000
L 227.8814086 39.58529802 227.8814086 41.99829802 5 P 0
P 206.9264086 40.79179548 6 P 0 0
